1000 10941
1 2 1
2 3 1
3 4 1
4 5 1
5 6 1
6 7 1
7 8 1
8 9 1
9 10 1
10 11 1
11 12 1
12 13 1
13 14 1
14 15 1
15 16 1
16 17 1
17 18 1
18 19 1
19 20 1
20 21 1
21 22 1
22 23 1
23 24 1
24 25 1
25 26 1
26 27 1
27 28 1
28 29 1
29 30 1
30 31 1
31 32 1
32 33 1
33 34 1
34 35 1
35 36 1
36 37 1
37 38 1
38 39 1
39 40 1
40 41 1
41 42 1
42 43 1
43 44 1
44 45 1
45 46 1
46 47 1
47 48 1
48 49 1
49 50 1
50 51 1
51 52 1
52 53 1
53 54 1
54 55 1
55 56 1
56 57 1
57 58 1
58 59 1
59 60 1
60 61 1
61 62 1
62 63 1
63 64 1
64 65 1
65 66 1
66 67 1
67 68 1
68 69 1
69 70 1
70 71 1
71 72 1
72 73 1
73 74 1
74 75 1
75 76 1
76 77 1
77 78 1
78 79 1
79 80 1
80 81 1
81 82 1
82 83 1
83 84 1
84 85 1
85 86 1
86 87 1
87 88 1
88 89 1
89 90 1
90 91 1
91 92 1
92 93 1
93 94 1
94 95 1
95 96 1
96 97 1
97 98 1
98 99 1
99 100 1
100 101 1
101 102 1
102 103 1
103 104 1
104 105 1
105 106 1
106 107 1
107 108 1
108 109 1
109 110 1
110 111 1
111 112 1
112 113 1
113 114 1
114 115 1
115 116 1
116 117 1
117 118 1
118 119 1
119 120 1
120 121 1
121 122 1
122 123 1
123 124 1
124 125 1
125 126 1
126 127 1
127 128 1
128 129 1
129 130 1
130 131 1
131 132 1
132 133 1
133 134 1
134 135 1
135 136 1
136 137 1
137 138 1
138 139 1
139 140 1
140 141 1
141 142 1
142 143 1
143 144 1
144 145 1
145 146 1
146 147 1
147 148 1
148 149 1
149 150 1
150 151 1
151 152 1
152 153 1
153 154 1
154 155 1
155 156 1
156 157 1
157 158 1
158 159 1
159 160 1
160 161 1
161 162 1
162 163 1
163 164 1
164 165 1
165 166 1
166 167 1
167 168 1
168 169 1
169 170 1
170 171 1
171 172 1
172 173 1
173 174 1
174 175 1
175 176 1
176 177 1
177 178 1
178 179 1
179 180 1
180 181 1
181 182 1
182 183 1
183 184 1
184 185 1
185 186 1
186 187 1
187 188 1
188 189 1
189 190 1
190 191 1
191 192 1
192 193 1
193 194 1
194 195 1
195 196 1
196 197 1
197 198 1
198 199 1
199 200 1
200 201 1
201 202 1
202 203 1
203 204 1
204 205 1
205 206 1
206 207 1
207 208 1
208 209 1
209 210 1
210 211 1
211 212 1
212 213 1
213 214 1
214 215 1
215 216 1
216 217 1
217 218 1
218 219 1
219 220 1
220 221 1
221 222 1
222 223 1
223 224 1
224 225 1
225 226 1
226 227 1
227 228 1
228 229 1
229 230 1
230 231 1
231 232 1
232 233 1
233 234 1
234 235 1
235 236 1
236 237 1
237 238 1
238 239 1
239 240 1
240 241 1
241 242 1
242 243 1
243 244 1
244 245 1
245 246 1
246 247 1
247 248 1
248 249 1
249 250 1
250 251 1
251 252 1
252 253 1
253 254 1
254 255 1
255 256 1
256 257 1
257 258 1
258 259 1
259 260 1
260 261 1
261 262 1
262 263 1
263 264 1
264 265 1
265 266 1
266 267 1
267 268 1
268 269 1
269 270 1
270 271 1
271 272 1
272 273 1
273 274 1
274 275 1
275 276 1
276 277 1
277 278 1
278 279 1
279 280 1
280 281 1
281 282 1
282 283 1
283 284 1
284 285 1
285 286 1
286 287 1
287 288 1
288 289 1
289 290 1
290 291 1
291 292 1
292 293 1
293 294 1
294 295 1
295 296 1
296 297 1
297 298 1
298 299 1
299 300 1
300 301 1
301 302 1
302 303 1
303 304 1
304 305 1
305 306 1
306 307 1
307 308 1
308 309 1
309 310 1
310 311 1
311 312 1
312 313 1
313 314 1
314 315 1
315 316 1
316 317 1
317 318 1
318 319 1
319 320 1
320 321 1
321 322 1
322 323 1
323 324 1
324 325 1
325 326 1
326 327 1
327 328 1
328 329 1
329 330 1
330 331 1
331 332 1
332 333 1
333 334 1
334 335 1
335 336 1
336 337 1
337 338 1
338 339 1
339 340 1
340 341 1
341 342 1
342 343 1
343 344 1
344 345 1
345 346 1
346 347 1
347 348 1
348 349 1
349 350 1
350 351 1
351 352 1
352 353 1
353 354 1
354 355 1
355 356 1
356 357 1
357 358 1
358 359 1
359 360 1
360 361 1
361 362 1
362 363 1
363 364 1
364 365 1
365 366 1
366 367 1
367 368 1
368 369 1
369 370 1
370 371 1
371 372 1
372 373 1
373 374 1
374 375 1
375 376 1
376 377 1
377 378 1
378 379 1
379 380 1
380 381 1
381 382 1
382 383 1
383 384 1
384 385 1
385 386 1
386 387 1
387 388 1
388 389 1
389 390 1
390 391 1
391 392 1
392 393 1
393 394 1
394 395 1
395 396 1
396 397 1
397 398 1
398 399 1
399 400 1
400 401 1
401 402 1
402 403 1
403 404 1
404 405 1
405 406 1
406 407 1
407 408 1
408 409 1
409 410 1
410 411 1
411 412 1
412 413 1
413 414 1
414 415 1
415 416 1
416 417 1
417 418 1
418 419 1
419 420 1
420 421 1
421 422 1
422 423 1
423 424 1
424 425 1
425 426 1
426 427 1
427 428 1
428 429 1
429 430 1
430 431 1
431 432 1
432 433 1
433 434 1
434 435 1
435 436 1
436 437 1
437 438 1
438 439 1
439 440 1
440 441 1
441 442 1
442 443 1
443 444 1
444 445 1
445 446 1
446 447 1
447 448 1
448 449 1
449 450 1
450 451 1
451 452 1
452 453 1
453 454 1
454 455 1
455 456 1
456 457 1
457 458 1
458 459 1
459 460 1
460 461 1
461 462 1
462 463 1
463 464 1
464 465 1
465 466 1
466 467 1
467 468 1
468 469 1
469 470 1
470 471 1
471 472 1
472 473 1
473 474 1
474 475 1
475 476 1
476 477 1
477 478 1
478 479 1
479 480 1
480 481 1
481 482 1
482 483 1
483 484 1
484 485 1
485 486 1
486 487 1
487 488 1
488 489 1
489 490 1
490 491 1
491 492 1
492 493 1
493 494 1
494 495 1
495 496 1
496 497 1
497 498 1
498 499 1
499 500 1
500 501 1
501 502 1
502 503 1
503 504 1
504 505 1
505 506 1
506 507 1
507 508 1
508 509 1
509 510 1
510 511 1
511 512 1
512 513 1
513 514 1
514 515 1
515 516 1
516 517 1
517 518 1
518 519 1
519 520 1
520 521 1
521 522 1
522 523 1
523 524 1
524 525 1
525 526 1
526 527 1
527 528 1
528 529 1
529 530 1
530 531 1
531 532 1
532 533 1
533 534 1
534 535 1
535 536 1
536 537 1
537 538 1
538 539 1
539 540 1
540 541 1
541 542 1
542 543 1
543 544 1
544 545 1
545 546 1
546 547 1
547 548 1
548 549 1
549 550 1
550 551 1
551 552 1
552 553 1
553 554 1
554 555 1
555 556 1
556 557 1
557 558 1
558 559 1
559 560 1
560 561 1
561 562 1
562 563 1
563 564 1
564 565 1
565 566 1
566 567 1
567 568 1
568 569 1
569 570 1
570 571 1
571 572 1
572 573 1
573 574 1
574 575 1
575 576 1
576 577 1
577 578 1
578 579 1
579 580 1
580 581 1
581 582 1
582 583 1
583 584 1
584 585 1
585 586 1
586 587 1
587 588 1
588 589 1
589 590 1
590 591 1
591 592 1
592 593 1
593 594 1
594 595 1
595 596 1
596 597 1
597 598 1
598 599 1
599 600 1
600 601 1
601 602 1
602 603 1
603 604 1
604 605 1
605 606 1
606 607 1
607 608 1
608 609 1
609 610 1
610 611 1
611 612 1
612 613 1
613 614 1
614 615 1
615 616 1
616 617 1
617 618 1
618 619 1
619 620 1
620 621 1
621 622 1
622 623 1
623 624 1
624 625 1
625 626 1
626 627 1
627 628 1
628 629 1
629 630 1
630 631 1
631 632 1
632 633 1
633 634 1
634 635 1
635 636 1
636 637 1
637 638 1
638 639 1
639 640 1
640 641 1
641 642 1
642 643 1
643 644 1
644 645 1
645 646 1
646 647 1
647 648 1
648 649 1
649 650 1
650 651 1
651 652 1
652 653 1
653 654 1
654 655 1
655 656 1
656 657 1
657 658 1
658 659 1
659 660 1
660 661 1
661 662 1
662 663 1
663 664 1
664 665 1
665 666 1
666 667 1
667 668 1
668 669 1
669 670 1
670 671 1
671 672 1
672 673 1
673 674 1
674 675 1
675 676 1
676 677 1
677 678 1
678 679 1
679 680 1
680 681 1
681 682 1
682 683 1
683 684 1
684 685 1
685 686 1
686 687 1
687 688 1
688 689 1
689 690 1
690 691 1
691 692 1
692 693 1
693 694 1
694 695 1
695 696 1
696 697 1
697 698 1
698 699 1
699 700 1
700 701 1
701 702 1
702 703 1
703 704 1
704 705 1
705 706 1
706 707 1
707 708 1
708 709 1
709 710 1
710 711 1
711 712 1
712 713 1
713 714 1
714 715 1
715 716 1
716 717 1
717 718 1
718 719 1
719 720 1
720 721 1
721 722 1
722 723 1
723 724 1
724 725 1
725 726 1
726 727 1
727 728 1
728 729 1
729 730 1
730 731 1
731 732 1
732 733 1
733 734 1
734 735 1
735 736 1
736 737 1
737 738 1
738 739 1
739 740 1
740 741 1
741 742 1
742 743 1
743 744 1
744 745 1
745 746 1
746 747 1
747 748 1
748 749 1
749 750 1
750 751 1
751 752 1
752 753 1
753 754 1
754 755 1
755 756 1
756 757 1
757 758 1
758 759 1
759 760 1
760 761 1
761 762 1
762 763 1
763 764 1
764 765 1
765 766 1
766 767 1
767 768 1
768 769 1
769 770 1
770 771 1
771 772 1
772 773 1
773 774 1
774 775 1
775 776 1
776 777 1
777 778 1
778 779 1
779 780 1
780 781 1
781 782 1
782 783 1
783 784 1
784 785 1
785 786 1
786 787 1
787 788 1
788 789 1
789 790 1
790 791 1
791 792 1
792 793 1
793 794 1
794 795 1
795 796 1
796 797 1
797 798 1
798 799 1
799 800 1
800 801 1
801 802 1
802 803 1
803 804 1
804 805 1
805 806 1
806 807 1
807 808 1
808 809 1
809 810 1
810 811 1
811 812 1
812 813 1
813 814 1
814 815 1
815 816 1
816 817 1
817 818 1
818 819 1
819 820 1
820 821 1
821 822 1
822 823 1
823 824 1
824 825 1
825 826 1
826 827 1
827 828 1
828 829 1
829 830 1
830 831 1
831 832 1
832 833 1
833 834 1
834 835 1
835 836 1
836 837 1
837 838 1
838 839 1
839 840 1
840 841 1
841 842 1
842 843 1
843 844 1
844 845 1
845 846 1
846 847 1
847 848 1
848 849 1
849 850 1
850 851 1
851 852 1
852 853 1
853 854 1
854 855 1
855 856 1
856 857 1
857 858 1
858 859 1
859 860 1
860 861 1
861 862 1
862 863 1
863 864 1
864 865 1
865 866 1
866 867 1
867 868 1
868 869 1
869 870 1
870 871 1
871 872 1
872 873 1
873 874 1
874 875 1
875 876 1
876 877 1
877 878 1
878 879 1
879 880 1
880 881 1
881 882 1
882 883 1
883 884 1
884 885 1
885 886 1
886 887 1
887 888 1
888 889 1
889 890 1
890 891 1
891 892 1
892 893 1
893 894 1
894 895 1
895 896 1
896 897 1
897 898 1
898 899 1
899 900 1
900 901 1
901 902 1
902 903 1
903 904 1
904 905 1
905 906 1
906 907 1
907 908 1
908 909 1
909 910 1
910 911 1
911 912 1
912 913 1
913 914 1
914 915 1
915 916 1
916 917 1
917 918 1
918 919 1
919 920 1
920 921 1
921 922 1
922 923 1
923 924 1
924 925 1
925 926 1
926 927 1
927 928 1
928 929 1
929 930 1
930 931 1
931 932 1
932 933 1
933 934 1
934 935 1
935 936 1
936 937 1
937 938 1
938 939 1
939 940 1
940 941 1
941 942 1
942 943 1
943 944 1
944 945 1
945 946 1
946 947 1
947 948 1
948 949 1
949 950 1
950 951 1
951 952 1
952 953 1
953 954 1
954 955 1
955 956 1
956 957 1
957 958 1
958 959 1
959 960 1
960 961 1
961 962 1
962 963 1
963 964 1
964 965 1
965 966 1
966 967 1
967 968 1
968 969 1
969 970 1
970 971 1
971 972 1
972 973 1
973 974 1
974 975 1
975 976 1
976 977 1
977 978 1
978 979 1
979 980 1
980 981 1
981 982 1
982 983 1
983 984 1
984 985 1
985 986 1
986 987 1
987 988 1
988 989 1
989 990 1
990 991 1
991 992 1
992 993 1
993 994 1
994 995 1
995 996 1
996 997 1
997 998 1
998 999 1
999 1000 1
42 468 -3666
468 42 -3666
501 170 5724
170 501 5724
479 359 16962
359 479 16962
465 706 18145
706 465 18145
282 828 -39
828 282 -39
492 996 1942
996 492 1942
828 437 22391
437 828 22391
605 903 -9847
903 605 -9847
293 383 7421
383 293 7421
717 719 9895
719 717 9895
448 727 4771
727 448 4771
539 870 9912
870 539 9912
668 300 7035
300 668 7035
895 704 13811
704 895 13811
323 334 7673
334 323 7673
665 142 -2289
142 665 -2289
254 869 15547
869 254 15547
645 663 22757
663 645 22757
38 860 -1277
860 38 -1277
742 530 -9222
530 742 -9222
317 36 12190
36 317 12190
843 289 20106
289 843 20106
41 943 9264
943 41 9264
649 447 13805
447 649 13805
891 730 14370
730 891 14370
351 7 21101
7 351 21101
394 549 9629
549 394 9629
624 85 9954
85 624 9954
757 841 -5034
841 757 -5034
377 932 16308
932 377 16308
945 440 14626
440 945 14626
324 538 11538
538 324 11538
119 83 12929
83 119 12929
542 834 21115
834 542 21115
640 659 12704
659 640 12704
931 978 -7694
978 931 -7694
674 387 -4979
387 674 -4979
746 925 9072
925 746 9072
271 830 16777
830 271 16777
574 98 6512
98 574 6512
987 291 -839
291 987 -839
637 356 14767
356 637 14767
656 575 -5969
575 656 -5969
53 351 -8850
351 53 -8850
942 725 3966
725 942 3966
431 108 20191
108 431 20191
8 338 5457
338 8 5457
288 754 383
754 288 383
946 910 22209
910 946 22209
759 222 8588
222 759 8588
423 947 17506
947 423 17506
31 414 19168
414 31 19168
901 592 8762
592 901 8762
656 411 -3641
411 656 -3641
625 538 11548
538 625 11548
484 596 -5959
596 484 -5959
603 351 291
351 603 291
837 375 1020
375 837 1020
597 22 17348
22 597 17348
200 669 14484
669 200 14484
282 735 -9947
735 282 -9947
1000 419 17938
419 1000 17938
901 789 8127
789 901 8127
468 729 4893
729 468 4893
649 484 7807
484 649 7807
422 311 -3383
311 422 -3383
814 515 4309
515 814 4309
617 936 7451
936 617 7451
601 250 6519
250 601 6519
557 799 20303
799 557 20303
225 9 -4156
9 225 -4156
610 990 22702
990 610 22702
196 486 -6907
486 196 -6907
344 524 -8413
524 344 -8413
315 504 -2552
504 315 -2552
201 459 -3382
459 201 -3382
581 797 4798
797 581 4798
282 590 10798
590 282 10798
10 158 10472
158 10 10472
623 539 2292
539 623 2292
39 180 8190
180 39 8190
658 959 -3809
959 658 -3809
816 889 9156
889 816 9156
512 203 -7366
203 512 -7366
273 56 10328
56 273 10328
647 363 -5114
363 647 -5114
876 434 19869
434 876 19869
143 845 -8584
845 143 -8584
882 999 322
999 882 322
652 22 -4301
22 652 -4301
558 477 17892
477 558 17892
390 76 712
76 390 712
601 511 11003
511 601 11003
870 862 4688
862 870 4688
402 790 5255
790 402 5255
424 3 585
3 424 585
183 286 17088
286 183 17088
427 618 13757
618 427 13757
833 933 -5831
933 833 -5831
155 722 7189
722 155 7189
977 330 -7632
330 977 -7632
693 426 555
426 693 555
435 550 -2559
550 435 -2559
513 146 8060
146 513 8060
719 754 6139
754 719 6139
424 280 15996
280 424 15996
688 530 12549
530 688 12549
438 867 2949
867 438 2949
194 196 -6703
196 194 -6703
417 287 6105
287 417 6105
489 283 2455
283 489 2455
735 115 1701
115 735 1701
317 672 -4214
672 317 -4214
264 314 14355
314 264 14355
186 54 -9088
54 186 -9088
809 833 10945
833 809 10945
314 757 18321
757 314 18321
559 647 17982
647 559 17982
482 145 13196
145 482 13196
223 130 -7839
130 223 -7839
536 451 1173
451 536 1173
467 45 11659
45 467 11659
293 440 7253
440 293 7253
25 155 19510
155 25 19510
746 650 3186
650 746 3186
314 475 18022
475 314 18022
169 19 8787
19 169 8787
906 959 -2609
959 906 -2609
203 626 16477
626 203 16477
415 315 15824
315 415 15824
335 875 14372
875 335 14372
160 834 18070
834 160 18070
488 298 -2482
298 488 -2482
178 774 22270
774 178 22270
764 669 7192
669 764 7192
986 103 -1520
103 986 -1520
214 628 -5198
628 214 -5198
100 528 -7375
528 100 -7375
544 925 1023
925 544 1023
973 62 4181
62 973 4181
4 433 7505
433 4 7505
594 726 3031
726 594 3031
493 143 7222
143 493 7222
287 65 -2100
65 287 -2100
188 361 12413
361 188 12413
975 271 19170
271 975 19170
236 834 9711
834 236 9711
761 897 -5333
897 761 -5333
286 551 -9860
551 286 -9860
695 696 11624
696 695 11624
20 126 16576
126 20 16576
695 659 16302
659 695 16302
372 467 -5322
467 372 -5322
594 852 15484
852 594 15484
19 465 11119
465 19 11119
153 801 8087
801 153 8087
61 927 -990
927 61 -990
758 171 10315
171 758 10315
577 228 2043
228 577 2043
759 165 -4891
165 759 -4891
883 87 19565
87 883 19565
488 578 4474
578 488 4474
626 628 -4371
628 626 -4371
929 424 18520
424 929 18520
903 963 -9877
963 903 -9877
597 738 3261
738 597 3261
196 526 -8736
526 196 -8736
261 203 -1884
203 261 -1884
31 327 19011
327 31 19011
772 412 15547
412 772 15547
154 521 19790
521 154 19790
925 189 11763
189 925 11763
941 852 8662
852 941 8662
830 901 7713
901 830 7713
959 579 -1635
579 959 -1635
8 478 -8800
478 8 -8800
59 440 -7697
440 59 -7697
761 358 -7676
358 761 -7676
478 109 11113
109 478 11113
888 802 12850
802 888 12850
461 429 2993
429 461 2993
385 406 -3460
406 385 -3460
112 705 2835
705 112 2835
357 73 19350
73 357 19350
824 486 10556
486 824 10556
217 627 -643
627 217 -643
527 358 19337
358 527 19337
272 870 19361
870 272 19361
897 23 19617
23 897 19617
113 718 8696
718 113 8696
586 42 14423
42 586 14423
130 230 -5435
230 130 -5435
560 933 12296
933 560 12296
856 54 6962
54 856 6962
585 735 -3346
735 585 -3346
973 458 4369
458 973 4369
533 964 -7393
964 533 -7393
484 912 1635
912 484 1635
68 849 -5325
849 68 -5325
939 224 12142
224 939 12142
755 512 12741
512 755 12741
176 460 7825
460 176 7825
222 871 -8374
871 222 -8374
935 206 21783
206 935 21783
851 399 12279
399 851 12279
702 194 2734
194 702 2734
638 535 -4444
535 638 -4444
994 177 15705
177 994 15705
963 549 5881
549 963 5881
301 414 6641
414 301 6641
856 856 3142
856 856 3142
463 612 20877
612 463 20877
425 679 -8248
679 425 -8248
444 297 2673
297 444 2673
41 314 -9125
314 41 -9125
73 819 -9390
819 73 -9390
18 933 18112
933 18 18112
696 170 13831
170 696 13831
41 489 18685
489 41 18685
91 498 -7411
498 91 -7411
991 146 9353
146 991 9353
315 652 16740
652 315 16740
45 259 -9665
259 45 -9665
760 193 -2395
193 760 -2395
265 182 18503
182 265 18503
830 776 10608
776 830 10608
293 998 7549
998 293 7549
557 562 21627
562 557 21627
468 542 16129
542 468 16129
241 814 19174
814 241 19174
602 78 10215
78 602 10215
684 214 13992
214 684 13992
825 602 13392
602 825 13392
760 671 16428
671 760 16428
28 85 75
85 28 75
787 499 14970
499 787 14970
288 848 22604
848 288 22604
504 222 12663
222 504 12663
707 364 -990
364 707 -990
172 490 8240
490 172 8240
165 543 -2381
543 165 -2381
914 592 -3296
592 914 -3296
819 233 -9250
233 819 -9250
206 976 -8461
976 206 -8461
304 423 11098
423 304 11098
248 585 3648
585 248 3648
972 865 12913
865 972 12913
76 546 18712
546 76 18712
547 679 -8231
679 547 -8231
263 520 3985
520 263 3985
290 945 -7135
945 290 -7135
541 246 15508
246 541 15508
319 871 -399
871 319 -399
324 133 14472
133 324 14472
153 88 18570
88 153 18570
764 902 7103
902 764 7103
424 528 1600
528 424 1600
970 16 -4435
16 970 -4435
29 544 15347
544 29 15347
89 944 2637
944 89 2637
410 464 -4951
464 410 -4951
682 589 1342
589 682 1342
609 61 11221
61 609 11221
759 955 10888
955 759 10888
147 691 -2051
691 147 -2051
844 431 15620
431 844 15620
749 68 -5464
68 749 -5464
784 36 22226
36 784 22226
186 39 -147
39 186 -147
630 225 5748
225 630 5748
924 360 22257
360 924 22257
767 945 4955
945 767 4955
319 727 15411
727 319 15411
26 356 21001
356 26 21001
550 497 8584
497 550 8584
516 965 13342
965 516 13342
76 914 6142
914 76 6142
197 949 15072
949 197 15072
427 607 16173
607 427 16173
430 405 -3295
405 430 -3295
627 813 9375
813 627 9375
94 566 6036
566 94 6036
737 142 20814
142 737 20814
995 257 -3348
257 995 -3348
937 839 10482
839 937 10482
356 16 -8869
16 356 -8869
231 842 4625
842 231 4625
12 638 -5814
638 12 -5814
691 651 -4338
651 691 -4338
635 894 353
894 635 353
417 453 4008
453 417 4008
263 234 -4546
234 263 -4546
304 635 16303
635 304 16303
257 149 1124
149 257 1124
318 214 17109
214 318 17109
29 201 11080
201 29 11080
319 859 14050
859 319 14050
156 362 5264
362 156 5264
904 677 19643
677 904 19643
910 903 -6439
903 910 -6439
490 949 -8718
949 490 -8718
654 675 -7780
675 654 -7780
403 924 -6169
924 403 -6169
370 879 10259
879 370 10259
9 620 13971
620 9 13971
4 946 -219
946 4 -219
505 393 22685
393 505 22685
314 699 -4411
699 314 -4411
723 939 9037
939 723 9037
411 462 -3766
462 411 -3766
509 962 -6041
962 509 -6041
494 516 15269
516 494 15269
938 870 -9942
870 938 -9942
701 972 16264
972 701 16264
118 216 14555
216 118 14555
816 331 -6961
331 816 -6961
213 289 18082
289 213 18082
955 86 10710
86 955 10710
485 775 -1620
775 485 -1620
816 952 -3459
952 816 -3459
116 680 7110
680 116 7110
899 74 -9212
74 899 -9212
978 133 19956
133 978 19956
690 114 8
114 690 8
942 791 -8277
791 942 -8277
364 29 15184
29 364 15184
779 201 -4929
201 779 -4929
886 975 -8929
975 886 -8929
334 868 16153
868 334 16153
296 169 10825
169 296 10825
677 630 18650
630 677 18650
599 310 -5307
310 599 -5307
687 81 116
81 687 116
250 668 -8472
668 250 -8472
680 865 19421
865 680 19421
406 827 -3184
827 406 -3184
517 727 18666
727 517 18666
88 682 9964
682 88 9964
341 687 -3979
687 341 -3979
663 722 -3936
722 663 -3936
310 416 7902
416 310 7902
874 125 13941
125 874 13941
746 763 18423
763 746 18423
532 807 2268
807 532 2268
319 603 21907
603 319 21907
308 482 -8988
482 308 -8988
137 631 14114
631 137 14114
810 85 13556
85 810 13556
291 294 19996
294 291 19996
153 55 15345
55 153 15345
709 249 -2509
249 709 -2509
713 132 20114
132 713 20114
440 959 14722
959 440 14722
705 996 -8948
996 705 -8948
270 480 8238
480 270 8238
424 919 866
919 424 866
660 499 18486
499 660 18486
197 463 16633
463 197 16633
159 23 -8854
23 159 -8854
393 38 -6075
38 393 -6075
648 459 -3398
459 648 -3398
808 99 17830
99 808 17830
293 601 -2722
601 293 -2722
800 353 10448
353 800 10448
883 541 18315
541 883 18315
576 763 -433
763 576 -433
337 398 21418
398 337 21418
898 829 3851
829 898 3851
817 231 -5551
231 817 -5551
926 659 -9771
659 926 -9771
521 941 19560
941 521 19560
148 163 -8345
163 148 -8345
676 793 12361
793 676 12361
755 399 13146
399 755 13146
715 947 11188
947 715 11188
570 639 17663
639 570 17663
76 516 1521
516 76 1521
476 616 10528
616 476 10528
235 571 -9095
571 235 -9095
465 558 18962
558 465 18962
162 525 2549
525 162 2549
470 331 21923
331 470 21923
351 334 12925
334 351 12925
911 738 6336
738 911 6336
338 279 2393
279 338 2393
637 715 18164
715 637 18164
592 950 9135
950 592 9135
506 338 4
338 506 4
338 624 18664
624 338 18664
971 609 20568
609 971 20568
282 86 -848
86 282 -848
374 653 -1806
653 374 -1806
877 827 18396
827 877 18396
573 250 4640
250 573 4640
175 820 -9057
820 175 -9057
612 942 10289
942 612 10289
420 566 -6195
566 420 -6195
586 217 21450
217 586 21450
616 610 1064
610 616 1064
167 894 6074
894 167 6074
510 301 9695
301 510 9695
574 590 3161
590 574 3161
173 969 17358
969 173 17358
32 269 9426
269 32 9426
511 423 20774
423 511 20774
780 911 13552
911 780 13552
183 392 5495
392 183 5495
765 875 -8636
875 765 -8636
903 256 -5540
256 903 -5540
475 973 16821
973 475 16821
123 548 11577
548 123 11577
790 606 20195
606 790 20195
595 951 6343
951 595 6343
755 482 -8988
482 755 -8988
673 440 3428
440 673 3428
913 763 -4033
763 913 -4033
409 416 -8092
416 409 -8092
224 760 16434
760 224 16434
205 487 -5681
487 205 -5681
959 946 16806
946 959 16806
167 701 1367
701 167 1367
693 788 18532
788 693 18532
557 975 -6553
975 557 -6553
22 284 16222
284 22 16222
332 377 18583
377 332 18583
949 724 7982
724 949 7982
19 777 -780
777 19 -780
112 183 13856
183 112 13856
491 926 -5676
926 491 -5676
487 678 5969
678 487 5969
644 535 5677
535 644 5677
669 69 11991
69 669 11991
197 784 6828
784 197 6828
728 427 5871
427 728 5871
698 613 8703
613 698 8703
28 409 -4455
409 28 -4455
509 186 20238
186 509 20238
238 444 11313
444 238 11313
502 851 15128
851 502 15128
112 651 18149
651 112 18149
193 455 5869
455 193 5869
682 466 10267
466 682 10267
714 794 8634
794 714 8634
473 973 12830
973 473 12830
902 443 -4823
443 902 -4823
878 771 -9298
771 878 -9298
365 382 6590
382 365 6590
824 238 -1977
238 824 -1977
180 596 10169
596 180 10169
328 43 21310
43 328 21310
183 59 -2074
59 183 -2074
488 671 22528
671 488 22528
652 259 -2787
259 652 -2787
861 784 11286
784 861 11286
743 611 -5528
611 743 -5528
129 435 -4159
435 129 -4159
719 504 4867
504 719 4867
866 939 -8119
939 866 -8119
258 751 18614
751 258 18614
599 459 -7339
459 599 -7339
64 757 10807
757 64 10807
279 490 9435
490 279 9435
366 76 -2414
76 366 -2414
387 834 -1640
834 387 -1640
331 49 -1072
49 331 -1072
493 434 13840
434 493 13840
767 736 9810
736 767 9810
600 838 11892
838 600 11892
983 329 19352
329 983 19352
370 245 11794
245 370 11794
609 253 1647
253 609 1647
433 536 -2792
536 433 -2792
265 498 13243
498 265 13243
650 16 16841
16 650 16841
190 101 9812
101 190 9812
649 524 9851
524 649 9851
475 634 19891
634 475 19891
201 855 -10
855 201 -10
698 920 7780
920 698 7780
579 932 22544
932 579 22544
341 488 -9101
488 341 -9101
526 484 -4462
484 526 -4462
493 194 18252
194 493 18252
12 561 5834
561 12 5834
841 498 -7215
498 841 -7215
530 541 8805
541 530 8805
792 393 3210
393 792 3210
550 579 16979
579 550 16979
972 278 -9927
278 972 -9927
194 621 11497
621 194 11497
827 277 9790
277 827 9790
583 579 1159
579 583 1159
419 490 -9841
490 419 -9841
450 925 -928
925 450 -928
381 9 17967
9 381 17967
209 478 8503
478 209 8503
371 608 4196
608 371 4196
75 723 2611
723 75 2611
20 762 1056
762 20 1056
891 164 6683
164 891 6683
717 933 15452
933 717 15452
742 955 -3187
955 742 -3187
863 397 5460
397 863 5460
616 905 -7401
905 616 -7401
137 681 -802
681 137 -802
33 388 22584
388 33 22584
241 518 7006
518 241 7006
671 242 8882
242 671 8882
250 524 21758
524 250 21758
106 622 7095
622 106 7095
297 917 5678
917 297 5678
179 580 15058
580 179 15058
578 751 4007
751 578 4007
730 82 -7005
82 730 -7005
679 677 17753
677 679 17753
900 785 5565
785 900 5565
94 609 -3828
609 94 -3828
244 930 -2486
930 244 -2486
169 56 1191
56 169 1191
974 923 -3252
923 974 -3252
652 987 -7856
987 652 -7856
447 578 16517
578 447 16517
630 917 -4126
917 630 -4126
792 470 12912
470 792 12912
147 694 -909
694 147 -909
816 950 16857
950 816 16857
641 53 -9764
53 641 -9764
552 488 21226
488 552 21226
163 956 13183
956 163 13183
395 181 6097
181 395 6097
66 66 -7487
66 66 -7487
262 579 11078
579 262 11078
879 141 -5389
141 879 -5389
948 446 -9830
446 948 -9830
976 490 14750
490 976 14750
150 334 3865
334 150 3865
215 283 17007
283 215 17007
433 897 6367
897 433 6367
523 883 21810
883 523 21810
642 232 -7813
232 642 -7813
706 480 -3679
480 706 -3679
539 352 9447
352 539 9447
209 647 12276
647 209 12276
760 190 20422
190 760 20422
667 487 -6545
487 667 -6545
29 615 -5140
615 29 -5140
254 778 21348
778 254 21348
504 862 12431
862 504 12431
83 456 4197
456 83 4197
107 753 5821
753 107 5821
297 282 16021
282 297 16021
456 948 17124
948 456 17124
319 136 1376
136 319 1376
775 860 14998
860 775 14998
75 254 -3078
254 75 -3078
636 644 18888
644 636 18888
154 233 -5253
233 154 -5253
681 927 15678
927 681 15678
451 802 14961
802 451 14961
200 856 16363
856 200 16363
717 574 21561
574 717 21561
246 474 18274
474 246 18274
551 354 -8819
354 551 -8819
288 700 8110
700 288 8110
644 466 -2828
466 644 -2828
530 982 -7888
982 530 -7888
477 382 -1753
382 477 -1753
891 672 -1195
672 891 -1195
373 33 -6011
33 373 -6011
321 166 5431
166 321 5431
659 294 7206
294 659 7206
579 949 -7794
949 579 -7794
172 167 -6604
167 172 -6604
698 21 13694
21 698 13694
530 789 20109
789 530 20109
985 970 18978
970 985 18978
618 16 6626
16 618 6626
685 169 7906
169 685 7906
929 98 18118
98 929 18118
391 200 1785
200 391 1785
487 200 2420
200 487 2420
711 272 5813
272 711 5813
416 86 -9682
86 416 -9682
581 332 -2733
332 581 -2733
388 445 13186
445 388 13186
508 361 7827
361 508 7827
75 432 -2848
432 75 -2848
272 269 -5307
269 272 -5307
886 338 21311
338 886 21311
605 678 -9594
678 605 -9594
769 23 9413
23 769 9413
1 543 7537
543 1 7537
39 389 -2645
389 39 -2645
290 648 -6819
648 290 -6819
94 585 987
585 94 987
762 494 -1783
494 762 -1783
502 483 19447
483 502 19447
666 754 12104
754 666 12104
85 96 3525
96 85 3525
222 965 11781
965 222 11781
873 107 -6344
107 873 -6344
344 594 17080
594 344 17080
81 869 11411
869 81 11411
714 969 -6749
969 714 -6749
217 80 18768
80 217 18768
41 532 2933
532 41 2933
780 664 2259
664 780 2259
654 937 -7905
937 654 -7905
366 875 -2280
875 366 -2280
836 681 -1024
681 836 -1024
456 726 -5929
726 456 -5929
809 560 -844
560 809 -844
603 833 -2095
833 603 -2095
441 376 11562
376 441 11562
886 963 11080
963 886 11080
837 798 21202
798 837 21202
509 81 -4660
81 509 -4660
77 59 21493
59 77 21493
741 547 10474
547 741 10474
774 98 -1120
98 774 -1120
336 73 13400
73 336 13400
708 956 10666
956 708 10666
142 589 2481
589 142 2481
169 316 9396
316 169 9396
226 10 12012
10 226 12012
137 456 8762
456 137 8762
44 743 -9979
743 44 -9979
923 513 -752
513 923 -752
19 369 13717
369 19 13717
715 651 3290
651 715 3290
336 760 -6831
760 336 -6831
896 304 12640
304 896 12640
980 200 19105
200 980 19105
792 662 -1319
662 792 -1319
653 754 14033
754 653 14033
30 988 -2958
988 30 -2958
254 84 1420
84 254 1420
815 719 2244
719 815 2244
64 230 10652
230 64 10652
865 770 20470
770 865 20470
6 48 -8406
48 6 -8406
488 327 -6724
327 488 -6724
324 541 -2321
541 324 -2321
991 589 14710
589 991 14710
272 946 19221
946 272 19221
471 184 13589
184 471 13589
956 979 14779
979 956 14779
7 263 10135
263 7 10135
488 197 19033
197 488 19033
89 936 9779
936 89 9779
994 791 14962
791 994 14962
966 2 9105
2 966 9105
808 568 -7331
568 808 -7331
135 672 -8543
672 135 -8543
999 546 3597
546 999 3597
219 839 4844
839 219 4844
373 564 11028
564 373 11028
265 802 4723
802 265 4723
491 605 21601
605 491 21601
228 198 13692
198 228 13692
772 364 19301
364 772 19301
364 722 -6435
722 364 -6435
422 446 8610
446 422 8610
496 742 5022
742 496 5022
813 152 13015
152 813 13015
56 394 -1262
394 56 -1262
280 883 -8392
883 280 -8392
655 823 22707
823 655 22707
246 339 -9856
339 246 -9856
291 340 13154
340 291 13154
605 624 12225
624 605 12225
79 725 21981
725 79 21981
331 734 18223
734 331 18223
595 131 8846
131 595 8846
988 446 8805
446 988 8805
617 751 10489
751 617 10489
339 964 18135
964 339 18135
698 210 11630
210 698 11630
225 909 16737
909 225 16737
475 921 17372
921 475 17372
294 856 -3266
856 294 -3266
562 57 17606
57 562 17606
185 76 18382
76 185 18382
120 742 20432
742 120 20432
685 780 2279
780 685 2279
284 668 20836
668 284 20836
126 119 2737
119 126 2737
29 120 10577
120 29 10577
738 92 10556
92 738 10556
796 61 11901
61 796 11901
794 433 -7864
433 794 -7864
581 876 -4093
876 581 -4093
185 75 -1281
75 185 -1281
791 477 20041
477 791 20041
352 330 6290
330 352 6290
975 73 -6409
73 975 -6409
190 788 21490
788 190 21490
240 894 -6947
894 240 -6947
64 682 15903
682 64 15903
6 177 8479
177 6 8479
696 140 22468
140 696 22468
999 84 13639
84 999 13639
516 622 19993
622 516 19993
827 723 13838
723 827 13838
829 582 14399
582 829 14399
979 892 -8977
892 979 -8977
944 835 4243
835 944 4243
350 703 -1293
703 350 -1293
503 142 687
142 503 687
347 892 14637
892 347 14637
414 401 12816
401 414 12816
691 163 -1065
163 691 -1065
127 411 9877
411 127 9877
383 261 17189
261 383 17189
706 875 -7337
875 706 -7337
723 196 12566
196 723 12566
361 39 8588
39 361 8588
812 246 -533
246 812 -533
426 868 3189
868 426 3189
543 64 11547
64 543 11547
503 618 -901
618 503 -901
24 227 21203
227 24 21203
49 52 -8430
52 49 -8430
637 459 15967
459 637 15967
457 406 1531
406 457 1531
963 820 -2025
820 963 -2025
557 532 21495
532 557 21495
45 592 16803
592 45 16803
389 916 -2550
916 389 -2550
320 273 15791
273 320 15791
384 134 -8225
134 384 -8225
643 570 8300
570 643 8300
955 79 -6415
79 955 -6415
258 334 -9107
334 258 -9107
491 104 -5250
104 491 -5250
234 723 14271
723 234 14271
612 991 20338
991 612 20338
642 259 9047
259 642 9047
353 659 -9521
659 353 -9521
303 684 8990
684 303 8990
3 569 -5578
569 3 -5578
896 136 8008
136 896 8008
362 743 12194
743 362 12194
700 189 10178
189 700 10178
43 358 13941
358 43 13941
848 470 6345
470 848 6345
381 914 4964
914 381 4964
711 62 15385
62 711 15385
74 505 -538
505 74 -538
704 103 1069
103 704 1069
155 530 21552
530 155 21552
75 150 -6270
150 75 -6270
245 845 3049
845 245 3049
119 66 16363
66 119 16363
553 774 8470
774 553 8470
732 748 -2489
748 732 -2489
870 399 498
399 870 498
104 353 15679
353 104 15679
54 44 4522
44 54 4522
89 564 15834
564 89 15834
851 23 -2760
23 851 -2760
912 493 -4349
493 912 -4349
581 478 17616
478 581 17616
877 179 -4780
179 877 -4780
616 349 16798
349 616 16798
180 636 6857
636 180 6857
884 663 8902
663 884 8902
263 421 9770
421 263 9770
23 274 15841
274 23 15841
687 889 -6083
889 687 -6083
718 893 3698
893 718 3698
268 750 -9935
750 268 -9935
390 933 15619
933 390 15619
82 4 19130
4 82 19130
29 632 4589
632 29 4589
153 631 9172
631 153 9172
865 408 2295
408 865 2295
429 682 8490
682 429 8490
611 178 21071
178 611 21071
237 460 10643
460 237 10643
841 634 17037
634 841 17037
894 631 10274
631 894 10274
994 783 22203
783 994 22203
462 291 9662
291 462 9662
308 998 21151
998 308 21151
424 891 6717
891 424 6717
641 704 -4434
704 641 -4434
884 662 12659
662 884 12659
246 387 22651
387 246 22651
766 602 6840
602 766 6840
210 498 17283
498 210 17283
251 59 -1579
59 251 -1579
176 582 16787
582 176 16787
272 288 17999
288 272 17999
505 980 -7862
980 505 -7862
701 531 -7539
531 701 -7539
119 206 -2460
206 119 -2460
829 460 1622
460 829 1622
399 761 17098
761 399 17098
936 482 20614
482 936 20614
568 494 18596
494 568 18596
162 747 538
747 162 538
671 539 11476
539 671 11476
556 918 6371
918 556 6371
761 753 3758
753 761 3758
434 256 19065
256 434 19065
727 402 -6966
402 727 -6966
760 394 20548
394 760 20548
274 793 6193
793 274 6193
934 138 7103
138 934 7103
691 212 3694
212 691 3694
669 628 -2502
628 669 -2502
990 249 -6121
249 990 -6121
648 150 20931
150 648 20931
670 876 15598
876 670 15598
450 437 14599
437 450 14599
124 444 -8269
444 124 -8269
155 862 -5566
862 155 -5566
386 968 816
968 386 816
394 705 19866
705 394 19866
954 309 18223
309 954 18223
685 793 12667
793 685 12667
49 470 3930
470 49 3930
812 815 6090
815 812 6090
428 744 -8396
744 428 -8396
600 475 -2805
475 600 -2805
507 159 7589
159 507 7589
859 810 7889
810 859 7889
448 41 -6182
41 448 -6182
365 976 -9974
976 365 -9974
90 504 20066
504 90 20066
413 841 2570
841 413 2570
677 396 18641
396 677 18641
110 188 10083
188 110 10083
86 391 21250
391 86 21250
687 756 1381
756 687 1381
129 503 14277
503 129 14277
863 425 -6435
425 863 -6435
873 833 20885
833 873 20885
429 647 10889
647 429 10889
479 884 14925
884 479 14925
266 261 -4955
261 266 -4955
779 822 3855
822 779 3855
521 928 14773
928 521 14773
135 252 12675
252 135 12675
337 335 11001
335 337 11001
738 311 -4026
311 738 -4026
591 357 -8929
357 591 -8929
81 936 22145
936 81 22145
283 826 8718
826 283 8718
574 713 3037
713 574 3037
999 906 -2838
906 999 -2838
718 693 9539
693 718 9539
48 947 9103
947 48 9103
232 116 -9161
116 232 -9161
859 830 -7355
830 859 -7355
395 200 9645
200 395 9645
273 676 11862
676 273 11862
73 774 -7520
774 73 -7520
239 898 -6458
898 239 -6458
609 204 13277
204 609 13277
126 135 -8599
135 126 -8599
79 383 10169
383 79 10169
737 479 7939
479 737 7939
139 722 21426
722 139 21426
664 678 11575
678 664 11575
725 982 17700
982 725 17700
962 863 6002
863 962 6002
449 96 -9316
96 449 -9316
17 138 -493
138 17 -493
994 285 -7056
285 994 -7056
260 822 -2942
822 260 -2942
644 669 677
669 644 677
120 858 13041
858 120 13041
892 265 -8377
265 892 -8377
916 73 7929
73 916 7929
842 716 7615
716 842 7615
537 958 17759
958 537 17759
701 453 -4907
453 701 -4907
242 830 2448
830 242 2448
228 799 6224
799 228 6224
325 275 8133
275 325 8133
886 39 2170
39 886 2170
863 630 -4916
630 863 -4916
910 879 -3077
879 910 -3077
86 401 13024
401 86 13024
194 106 -588
106 194 -588
766 768 5407
768 766 5407
678 785 -9296
785 678 -9296
791 835 891
835 791 891
622 86 17734
86 622 17734
191 543 7998
543 191 7998
87 19 5621
19 87 5621
425 598 11376
598 425 11376
255 670 8108
670 255 8108
928 494 16068
494 928 16068
367 103 -7562
103 367 -7562
601 820 4318
820 601 4318
291 985 6339
985 291 6339
557 809 -5368
809 557 -5368
479 815 3787
815 479 3787
240 75 15020
75 240 15020
828 555 -8012
555 828 -8012
442 799 3642
799 442 3642
3 322 20104
322 3 20104
947 57 8509
57 947 8509
834 709 9761
709 834 9761
534 687 4804
687 534 4804
386 143 8842
143 386 8842
261 162 21620
162 261 21620
344 579 -8813
579 344 -8813
114 64 -5409
64 114 -5409
935 416 -9344
416 935 -9344
762 13 18411
13 762 18411
960 252 8738
252 960 8738
371 125 -4493
125 371 -4493
8 585 951
585 8 951
102 490 14958
490 102 14958
442 791 7013
791 442 7013
413 856 11060
856 413 11060
94 473 15402
473 94 15402
677 544 -2627
544 677 -2627
267 652 5275
652 267 5275
529 533 761
533 529 761
470 504 22729
504 470 22729
108 893 -7549
893 108 -7549
954 393 12570
393 954 12570
520 473 13407
473 520 13407
495 506 18440
506 495 18440
384 263 11409
263 384 11409
608 39 -5640
39 608 -5640
472 172 10654
172 472 10654
948 515 4523
515 948 4523
230 490 -3234
490 230 -3234
888 757 16632
757 888 16632
471 740 10666
740 471 10666
523 284 -1840
284 523 -1840
554 706 17091
706 554 17091
260 387 21687
387 260 21687
630 43 18317
43 630 18317
46 357 3388
357 46 3388
453 155 20466
155 453 20466
834 761 16919
761 834 16919
632 739 11267
739 632 11267
777 99 14314
99 777 14314
321 54 14007
54 321 14007
470 217 -278
217 470 -278
843 8 5463
8 843 5463
261 948 3793
948 261 3793
631 718 13043
718 631 13043
377 315 6626
315 377 6626
118 335 10620
335 118 10620
172 793 -1036
793 172 -1036
155 867 4693
867 155 4693
665 776 3000
776 665 3000
213 101 -2449
101 213 -2449
477 380 943
380 477 943
878 790 -9639
790 878 -9639
386 273 1434
273 386 1434
145 562 15563
562 145 15563
505 947 13888
947 505 13888
309 158 -8570
158 309 -8570
124 465 -5926
465 124 -5926
347 838 -8019
838 347 -8019
319 612 6292
612 319 6292
592 833 17123
833 592 17123
462 992 21461
992 462 21461
331 499 7369
499 331 7369
292 401 4179
401 292 4179
118 318 9914
318 118 9914
596 442 -4064
442 596 -4064
868 29 21453
29 868 21453
910 974 7981
974 910 7981
504 570 -3184
570 504 -3184
884 368 -4615
368 884 -4615
403 231 7157
231 403 7157
682 568 -1690
568 682 -1690
867 688 3171
688 867 3171
478 246 22764
246 478 22764
239 672 -7953
672 239 -7953
116 593 17311
593 116 17311
658 406 -9947
406 658 -9947
172 581 12740
581 172 12740
531 676 14320
676 531 14320
791 378 998
378 791 998
587 605 -5511
605 587 -5511
632 745 -1612
745 632 -1612
611 719 16919
719 611 16919
260 928 4609
928 260 4609
120 480 12716
480 120 12716
301 397 6853
397 301 6853
459 831 14593
831 459 14593
807 850 4854
850 807 4854
273 161 2294
161 273 2294
55 334 -9854
334 55 -9854
230 472 428
472 230 428
560 242 19421
242 560 19421
689 367 2033
367 689 2033
686 271 15329
271 686 15329
262 861 -7792
861 262 -7792
983 163 22506
163 983 22506
879 980 -8103
980 879 -8103
888 539 4469
539 888 4469
784 541 12795
541 784 12795
267 634 3509
634 267 3509
558 318 16134
318 558 16134
54 136 2258
136 54 2258
594 844 11693
844 594 11693
467 952 8140
952 467 8140
95 938 -4826
938 95 -4826
513 98 -449
98 513 -449
696 818 13492
818 696 13492
293 238 17530
238 293 17530
614 297 11710
297 614 11710
390 629 -4191
629 390 -4191
787 745 8840
745 787 8840
183 570 -3880
570 183 -3880
394 293 4962
293 394 4962
215 528 16807
528 215 16807
195 706 4713
706 195 4713
12 914 -3307
914 12 -3307
665 204 18995
204 665 18995
763 382 16946
382 763 16946
910 49 11768
49 910 11768
625 512 -2046
512 625 -2046
236 128 4633
128 236 4633
241 863 5127
863 241 5127
578 818 -7660
818 578 -7660
143 101 18400
101 143 18400
559 477 -6846
477 559 -6846
936 431 -4169
431 936 -4169
296 538 5623
538 296 5623
923 928 18029
928 923 18029
212 212 1754
212 212 1754
881 254 -6707
254 881 -6707
322 786 16528
786 322 16528
444 1 555
1 444 555
672 271 -2548
271 672 -2548
376 632 3640
632 376 3640
935 41 -2014
41 935 -2014
835 249 -8461
249 835 -8461
766 797 312
797 766 312
263 53 20731
53 263 20731
988 465 22557
465 988 22557
249 557 10170
557 249 10170
451 183 -2699
183 451 -2699
294 100 13332
100 294 13332
45 332 -9925
332 45 -9925
5 51 5026
51 5 5026
67 739 9801
739 67 9801
624 844 -9559
844 624 -9559
381 696 -2082
696 381 -2082
660 364 2628
364 660 2628
330 89 18854
89 330 18854
614 980 8569
980 614 8569
667 680 17577
680 667 17577
838 403 13115
403 838 13115
293 724 -7128
724 293 -7128
449 324 1153
324 449 1153
949 396 15197
396 949 15197
509 909 7411
909 509 7411
994 666 16781
666 994 16781
203 611 14828
611 203 14828
257 706 -1035
706 257 -1035
24 770 1715
770 24 1715
254 806 13684
806 254 13684
479 146 11840
146 479 11840
834 286 16900
286 834 16900
969 995 6633
995 969 6633
886 349 8281
349 886 8281
33 257 19910
257 33 19910
873 983 13901
983 873 13901
307 636 7860
636 307 7860
472 528 -2863
528 472 -2863
344 769 18233
769 344 18233
996 172 -2397
172 996 -2397
943 12 -2121
12 943 -2121
35 513 14593
513 35 14593
531 162 13234
162 531 13234
259 927 -4094
927 259 -4094
192 444 -3812
444 192 -3812
228 720 16484
720 228 16484
225 94 20435
94 225 20435
225 95 -6418
95 225 -6418
868 628 12005
628 868 12005
147 687 6589
687 147 6589
541 238 12850
238 541 12850
760 579 18956
579 760 18956
678 404 18042
404 678 18042
301 812 -4775
812 301 -4775
144 596 11016
596 144 11016
616 805 11006
805 616 11006
369 642 20335
642 369 20335
699 326 18313
326 699 18313
24 313 14618
313 24 14618
458 397 -1661
397 458 -1661
87 95 -2154
95 87 -2154
44 523 2911
523 44 2911
281 456 16358
456 281 16358
848 871 -9010
871 848 -9010
874 328 -6587
328 874 -6587
455 897 2472
897 455 2472
451 242 -5359
242 451 -5359
647 526 18213
526 647 18213
825 930 -1305
930 825 -1305
404 595 -2007
595 404 -2007
68 188 -5360
188 68 -5360
80 42 8125
42 80 8125
535 861 13000
861 535 13000
908 622 17692
622 908 17692
294 118 -2283
118 294 -2283
404 944 7893
944 404 7893
640 12 16925
12 640 16925
29 979 748
979 29 748
851 893 16444
893 851 16444
655 624 14353
624 655 14353
37 548 11346
548 37 11346
827 62 -6096
62 827 -6096
239 572 16886
572 239 16886
406 300 12056
300 406 12056
729 268 -6249
268 729 -6249
20 992 8166
992 20 8166
718 847 7093
847 718 7093
188 422 12912
422 188 12912
