100 6325
1 2 1
2 3 1
3 4 1
4 5 1
5 6 1
6 7 1
7 8 1
8 9 1
9 10 1
10 11 1
11 12 1
12 13 1
13 14 1
14 15 1
15 16 1
16 17 1
17 18 1
18 19 1
19 20 1
20 21 1
21 22 1
22 23 1
23 24 1
24 25 1
25 26 1
26 27 1
27 28 1
28 29 1
29 30 1
30 31 1
31 32 1
32 33 1
33 34 1
34 35 1
35 36 1
36 37 1
37 38 1
38 39 1
39 40 1
40 41 1
41 42 1
42 43 1
43 44 1
44 45 1
45 46 1
46 47 1
47 48 1
48 49 1
49 50 1
50 51 1
51 52 1
52 53 1
53 54 1
54 55 1
55 56 1
56 57 1
57 58 1
58 59 1
59 60 1
60 61 1
61 62 1
62 63 1
63 64 1
64 65 1
65 66 1
66 67 1
67 68 1
68 69 1
69 70 1
70 71 1
71 72 1
72 73 1
73 74 1
74 75 1
75 76 1
76 77 1
77 78 1
78 79 1
79 80 1
80 81 1
81 82 1
82 83 1
83 84 1
84 85 1
85 86 1
86 87 1
87 88 1
88 89 1
89 90 1
90 91 1
91 92 1
92 93 1
93 94 1
94 95 1
95 96 1
96 97 1
97 98 1
98 99 1
99 100 1
42 68 -3666
68 42 -3666
1 70 5724
70 1 5724
79 59 16962
59 79 16962
65 6 18145
6 65 18145
82 28 -39
28 82 -39
92 96 1942
96 92 1942
28 37 22391
37 28 22391
5 3 -9847
3 5 -9847
93 83 7421
83 93 7421
17 19 9895
19 17 9895
48 27 4771
27 48 4771
39 70 9912
70 39 9912
68 100 7035
100 68 7035
95 4 13811
4 95 13811
23 34 7673
34 23 7673
65 42 -2289
42 65 -2289
54 69 15547
69 54 15547
45 63 22757
63 45 22757
38 60 -1277
60 38 -1277
42 30 -9222
30 42 -9222
17 36 12190
36 17 12190
43 89 20106
89 43 20106
41 43 9264
43 41 9264
49 47 13805
47 49 13805
91 30 14370
30 91 14370
51 7 21101
7 51 21101
94 49 9629
49 94 9629
24 85 9954
85 24 9954
57 41 -5034
41 57 -5034
77 32 16308
32 77 16308
45 40 14626
40 45 14626
24 38 11538
38 24 11538
19 83 12929
83 19 12929
42 34 21115
34 42 21115
40 59 12704
59 40 12704
31 78 -7694
78 31 -7694
74 87 -4979
87 74 -4979
46 25 9072
25 46 9072
71 30 16777
30 71 16777
74 98 6512
98 74 6512
87 91 -839
91 87 -839
37 56 14767
56 37 14767
56 75 -5969
75 56 -5969
53 51 -8850
51 53 -8850
42 25 3966
25 42 3966
31 8 20191
8 31 20191
8 38 5457
38 8 5457
88 54 383
54 88 383
46 10 22209
10 46 22209
59 22 8588
22 59 8588
23 47 17506
47 23 17506
31 14 19168
14 31 19168
1 92 8762
92 1 8762
56 11 -3641
11 56 -3641
25 38 11548
38 25 11548
84 96 -5959
96 84 -5959
3 51 291
51 3 291
37 75 1020
75 37 1020
97 22 17348
22 97 17348
100 69 14484
69 100 14484
82 35 -9947
35 82 -9947
100 19 17938
19 100 17938
1 89 8127
89 1 8127
68 29 4893
29 68 4893
49 84 7807
84 49 7807
22 11 -3383
11 22 -3383
14 15 4309
15 14 4309
52 1 -4751
1 52 -4751
20 57 12798
57 20 12798
4 25 1008
25 4 1008
45 10 4989
10 45 4989
3 96 10485
96 3 10485
94 44 20523
44 94 20523
88 15 -497
15 88 -497
49 1 3458
1 49 3458
19 81 9796
81 19 9796
99 82 9589
82 99 9589
99 10 17157
10 99 17157
73 23 8538
23 73 8538
93 39 14179
39 93 14179
91 58 -2042
58 91 -2042
92 16 12888
16 92 12888
57 12 6202
12 57 6202
35 73 10055
73 35 10055
29 47 16362
47 29 16362
87 76 18433
76 87 18433
70 43 13844
43 70 13844
17 82 21998
82 17 21998
23 52 21
52 23 21
100 58 18476
58 100 18476
93 90 -4925
90 93 -4925
13 1 -7490
1 13 -7490
4 70 7861
70 4 7861
89 2 -211
2 89 -211
56 24 -4998
24 56 -4998
86 83 285
83 86 285
89 27 18617
27 89 18617
58 33 20932
33 58 20932
70 55 15721
55 70 15721
90 77 21329
77 90 21329
69 93 11425
93 69 11425
56 35 6549
35 56 6549
42 13 20145
13 42 20145
61 19 -6247
19 61 -6247
40 24 6279
24 40 6279
97 88 2529
88 97 2529
50 38 9866
38 50 9866
50 94 13195
94 50 13195
98 17 18286
17 98 18286
6 89 6282
89 6 6282
15 2 21316
2 15 21316
72 87 2263
87 72 2263
14 56 21185
56 14 21185
54 13 808
13 54 808
33 46 -5687
46 33 -5687
57 22 9558
22 57 9558
47 83 -9519
83 47 -9519
45 97 10222
97 45 10222
30 62 -4465
62 30 -4465
51 74 466
74 51 466
45 60 16292
60 45 16292
40 54 10024
54 40 10024
55 11 -5255
11 55 -5255
50 87 -1687
87 50 -1687
75 23 -7832
23 75 -7832
19 88 -95
88 19 -95
59 92 202
92 59 202
26 78 -5586
78 26 -5586
15 25 19334
25 15 19334
75 73 10159
73 75 10159
34 71 -2513
71 34 -2513
98 19 -1823
19 98 -1823
74 71 -8237
71 74 -8237
86 3 -1520
3 86 -1520
14 28 -5198
28 14 -5198
100 28 -7375
28 100 -7375
44 25 1023
25 44 1023
73 62 4181
62 73 4181
4 33 7505
33 4 7505
94 26 3031
26 94 3031
93 43 7222
43 93 7222
87 65 -2100
65 87 -2100
88 61 12413
61 88 12413
75 71 19170
71 75 19170
36 34 9711
34 36 9711
61 97 -5333
97 61 -5333
86 51 -9860
51 86 -9860
95 96 11624
96 95 11624
20 26 16576
26 20 16576
95 59 16302
59 95 16302
72 67 -5322
67 72 -5322
94 52 15484
52 94 15484
19 65 11119
65 19 11119
53 1 8087
1 53 8087
61 27 -990
27 61 -990
58 71 10315
71 58 10315
77 28 2043
28 77 2043
59 65 -4891
65 59 -4891
83 87 19565
87 83 19565
88 78 4474
78 88 4474
26 28 -4371
28 26 -4371
29 24 18520
24 29 18520
3 63 -9877
63 3 -9877
97 38 3261
38 97 3261
96 26 -8736
26 96 -8736
61 3 -1884
3 61 -1884
31 27 19011
27 31 19011
72 12 15547
12 72 15547
54 21 19790
21 54 19790
25 89 11763
89 25 11763
41 52 8662
52 41 8662
30 1 7713
1 30 7713
66 8 1477
8 66 1477
1 59 -3561
59 1 -3561
4 61 9357
61 4 9357
25 78 -4892
78 25 -4892
14 88 9801
88 14 9801
51 61 12428
61 51 12428
94 85 9405
85 94 9405
41 12 18704
12 41 18704
36 57 -3928
57 36 -3928
51 24 4485
24 51 4485
57 17 -8374
17 57 -8374
58 27 3357
27 58 3357
38 72 13869
72 38 13869
62 97 3022
97 62 3022
18 13 2717
13 18 2717
97 86 14041
86 97 14041
24 30 14229
30 24 14229
66 60 -1068
60 66 -1068
97 56 2053
56 97 2053
63 85 19734
85 63 19734
55 73 11457
73 55 11457
70 33 -7037
33 70 -7037
8 84 -9089
84 8 -9089
36 68 12848
68 36 12848
76 39 -7777
39 76 -7777
43 55 -3489
55 43 -3489
42 76 11459
76 42 11459
26 22 7870
22 26 7870
27 35 5205
35 27 5205
84 51 7398
51 84 7398
80 2 2193
2 80 2193
35 38 16534
38 35 16534
57 94 176
94 57 176
6 63 548
63 6 548
82 1 4413
1 82 4413
42 56 14855
56 42 14855
43 63 17611
63 43 17611
79 53 8443
53 79 8443
97 74 40
74 97 40
14 76 10072
76 14 10072
19 11 -8983
11 19 -8983
33 13 20695
13 33 20695
70 32 10040
32 70 10040
89 86 9090
86 89 9090
98 90 15990
90 98 15990
46 54 9314
54 46 9314
45 59 -9665
59 45 -9665
60 93 -2395
93 60 -2395
65 82 18503
82 65 18503
30 76 10608
76 30 10608
93 98 7549
98 93 7549
57 62 21627
62 57 21627
30 41 17813
41 30 17813
75 2 -3923
2 75 -3923
16 84 -1787
84 16 -1787
93 25 -4399
25 93 -4399
71 29 18027
29 71 18027
85 76 8786
76 85 8786
99 71 -3713
71 99 -3713
48 5 -9497
5 48 -9497
22 64 -4294
64 22 -4294
64 11 12171
11 64 12171
90 41 2164
41 90 2164
43 20 10913
20 43 10913
92 5 21818
5 92 21818
33 51 15205
51 33 15205
76 40 -9697
40 76 -9697
23 99 1247
99 23 1247
85 49 -7029
49 85 -7029
65 14 1075
14 65 1075
46 13 7546
13 46 7546
79 70 5262
70 79 5262
20 86 18289
86 20 18289
45 66 8540
66 45 8540
46 9 18318
9 46 18318
71 2 18323
2 71 18323
33 73 17152
73 33 17152
88 71 19763
71 88 19763
2 4 4423
4 2 4423
28 1 16969
1 28 16969
16 66 -9972
66 16 -9972
44 48 -7912
48 44 -7912
44 38 12409
38 44 12409
64 50 -5319
50 64 -5319
9 61 11221
61 9 11221
59 55 10888
55 59 10888
47 91 -2051
91 47 -2051
44 31 15620
31 44 15620
49 68 -5464
68 49 -5464
84 36 22226
36 84 22226
86 39 -147
39 86 -147
30 25 5748
25 30 5748
24 60 22257
60 24 22257
67 45 4955
45 67 4955
19 27 15411
27 19 15411
26 56 21001
56 26 21001
50 97 8584
97 50 8584
16 65 13342
65 16 13342
43 97 11948
97 43 11948
73 27 4606
27 73 4606
74 30 22404
30 74 22404
6 27 19812
27 6 19812
76 94 6565
94 76 6565
37 37 19141
37 37 19141
15 95 -1744
95 15 -1744
53 37 20838
37 53 20838
83 56 11015
56 83 11015
32 31 7841
31 32 7841
26 12 22637
12 26 22637
51 63 11634
63 51 11634
94 54 11416
54 94 11416
53 9 -2738
9 53 -2738
34 55 6303
55 34 6303
35 4 4256
4 35 4256
49 25 2317
25 49 2317
14 10 14028
10 14 14028
1 81 11318
81 1 11318
59 51 14155
51 59 14155
62 65 1903
65 62 1903
77 44 16909
44 77 16909
3 62 18489
62 3 18489
49 83 3653
83 49 3653
75 21 -4598
21 75 -4598
24 32 9369
32 24 9369
79 60 9008
60 79 9008
20 72 20003
72 20 20003
46 82 16504
82 46 16504
93 86 15313
86 93 15313
99 90 2722
90 99 2722
39 38 -3590
38 39 -3590
62 35 2508
35 62 2508
62 60 -3507
60 62 -3507
16 70 14937
70 16 14937
70 59 4700
59 70 4700
72 65 5117
65 72 5117
16 56 -2185
56 16 -2185
31 40 20212
40 31 20212
89 83 -8046
83 89 -8046
86 11 14484
11 86 14484
75 81 19815
81 75 19815
52 42 8115
42 52 8115
80 11 15898
11 80 15898
74 89 13977
89 74 13977
33 57 18689
57 33 18689
14 9 2941
9 14 2941
91 24 11363
24 91 11363
29 85 14778
85 29 14778
1 72 -8115
72 1 -8115
75 72 1333
72 75 1333
68 54 4295
54 68 4295
69 26 -324
26 69 -324
30 51 -7402
51 30 -7402
10 94 -5314
94 10 -5314
81 17 2249
17 81 2249
80 65 19421
65 80 19421
17 17 17726
17 17 17726
67 88 17681
88 67 17681
65 41 -4314
41 65 -4314
22 63 4721
63 22 4721
65 10 10415
10 65 10415
3 74 7124
74 3 7124
42 46 21762
46 42 21762
7 69 -682
69 7 -682
3 8 14307
8 3 14307
82 13 11136
13 82 11136
31 15 16809
15 31 16809
85 57 2290
57 85 2290
94 97 19152
97 94 19152
55 46 4708
46 55 4708
49 92 3712
92 49 3712
32 15 6439
15 32 6439
59 23 19704
23 59 19704
96 53 15269
53 96 15269
80 39 16423
39 80 16423
19 67 7659
67 19 7659
99 87 11196
87 99 11196
63 34 2158
34 63 2158
93 38 -6075
38 93 -6075
48 59 -3398
59 48 -3398
8 99 17830
99 8 17830
93 1 -2722
1 93 -2722
100 53 10448
53 100 10448
83 41 18315
41 83 18315
76 63 -433
63 76 -433
37 98 21418
98 37 21418
98 29 3851
29 98 3851
17 31 -5551
31 17 -5551
26 59 -9771
59 26 -9771
21 41 19560
41 21 19560
48 63 -8345
63 48 -8345
76 93 12361
93 76 12361
55 99 13146
99 55 13146
15 47 11188
47 15 11188
64 76 14515
76 64 14515
22 76 5615
76 22 5615
29 35 2570
35 29 2570
58 63 4161
63 58 4161
25 50 7469
50 25 7469
31 24 18350
24 31 18350
34 26 910
26 34 910
38 37 8337
37 38 8337
79 94 -2364
94 79 -2364
15 65 21591
65 15 21591
50 36 -7495
36 50 -7495
38 5 6337
5 38 6337
24 65 -30
65 24 -30
9 69 9281
69 9 9281
86 53 8373
53 86 8373
53 95 -124
95 53 -124
27 97 -2428
97 27 -2428
50 41 19174
41 50 19174
20 44 22611
44 20 22611
42 90 -1581
90 42 -1581
66 6 -2415
6 66 -2415
17 51 -8385
51 17 -8385
67 94 6074
94 67 6074
10 1 9695
1 10 9695
74 90 3161
90 74 3161
73 69 17358
69 73 17358
32 69 9426
69 32 9426
11 23 20774
23 11 20774
53 83 15391
83 53 15391
96 65 -9126
65 96 -9126
65 3 18255
3 65 18255
61 75 -3028
75 61 -3028
22 23 15547
23 22 15547
78 90 15605
90 78 15605
51 44 -9246
44 51 -9246
73 40 3428
40 73 3428
13 63 -4033
63 13 -4033
9 16 -8092
16 9 -8092
35 5 19486
5 35 19486
20 59 -4055
59 20 -4055
7 67 8700
67 7 8700
68 93 11787
93 68 11787
75 48 -4979
48 75 -4979
84 23 19331
23 84 19331
77 84 16948
84 77 16948
24 83 12018
83 24 12018
77 21 21111
21 77 21111
83 57 9490
57 83 9490
26 25 -3514
25 26 -3514
78 70 1643
70 78 1643
35 78 12668
78 35 12668
69 92 22196
92 69 22196
84 29 -2273
29 84 -2273
27 72 697
72 27 697
13 4 1027
4 13 1027
9 86 20238
86 9 20238
14 2 -1150
2 14 -1150
29 12 13650
12 29 13650
50 93 -8546
93 50 -8546
70 82 17465
82 70 17465
68 14 9793
14 68 9793
73 31 14901
31 73 14901
43 78 3877
78 43 3877
71 3 4364
3 71 4364
82 91 -1177
91 82 -1177
80 96 10169
96 80 10169
28 43 21310
43 28 21310
83 59 -2074
59 83 -2074
29 52 -7742
52 29 -7742
14 61 15783
61 14 15783
87 43 -1390
43 87 -1390
73 29 8434
29 73 8434
42 19 -6497
19 42 -6497
68 66 938
66 68 938
82 58 12750
58 82 12750
15 99 18458
99 15 18458
62 64 22756
64 62 22756
8 79 9489
79 8 9489
36 66 22075
66 36 22075
87 87 -2167
87 87 -2167
61 31 16048
31 61 16048
29 93 2433
93 29 2433
41 67 -8265
67 41 -8265
11 100 1837
100 11 1837
29 53 1369
53 29 1369
45 95 -3392
95 45 -3392
53 48 7432
48 53 7432
36 9 -6736
9 36 -6736
98 44 17649
44 98 17649
16 42 -9811
42 16 -9811
49 24 9851
24 49 9851
75 34 19891
34 75 19891
1 55 -10
55 1 -10
98 20 7780
20 98 7780
79 32 22544
32 79 22544
41 88 -9101
88 41 -9101
26 84 -4462
84 26 -4462
93 94 18252
94 93 18252
12 61 5834
61 12 5834
41 98 -7215
98 41 -7215
6 92 3392
92 6 3392
11 50 11578
50 11 11578
80 72 -723
72 80 -723
74 94 -8380
94 74 -8380
98 27 21276
27 98 21276
91 83 3578
83 91 3578
60 19 16489
19 60 16489
60 50 2924
50 60 2924
73 81 17008
81 73 17008
68 9 -3523
9 68 -3523
4 71 22607
71 4 22607
97 75 3722
75 97 3722
12 20 18761
20 12 18761
57 91 21163
91 57 21163
84 17 9932
17 84 9932
53 42 -5046
42 53 -5046
14 63 396
63 14 396
61 16 904
16 61 904
100 37 -5320
37 100 -5320
99 33 4387
33 99 4387
85 41 -6483
41 85 -6483
7 71 -9759
71 7 -9759
83 50 -6477
50 83 -6477
59 6 19621
6 59 19621
96 97 -84
97 96 -84
79 79 3579
79 79 3579
59 78 2750
78 59 2750
8 30 14081
30 8 14081
96 79 14676
79 96 14676
54 100 1784
100 54 1784
66 94 3608
94 66 3608
73 44 19929
44 73 19929
15 69 -4945
69 15 -4945
92 74 -1078
74 92 -1078
49 52 986
52 49 986
45 47 21577
47 45 21577
18 30 19916
30 18 19916
75 92 5469
92 75 5469
13 47 20693
47 13 20693
50 58 10640
58 50 10640
52 88 21226
88 52 21226
63 56 13183
56 63 13183
95 81 6097
81 95 6097
66 66 -7487
66 66 -7487
62 79 11078
79 62 11078
79 41 -5389
41 79 -5389
48 46 -9830
46 48 -9830
76 90 14750
90 76 14750
50 34 3865
34 50 3865
15 83 17007
83 15 17007
33 97 6367
97 33 6367
23 83 21810
83 23 21810
42 32 -7813
32 42 -7813
6 80 -3679
80 6 -3679
39 52 9447
52 39 9447
9 47 12276
47 9 12276
60 90 20422
90 60 20422
67 87 -6545
87 67 -6545
29 15 -5140
15 29 -5140
54 78 21348
78 54 21348
4 62 12431
62 4 12431
98 7 -1248
7 98 -1248
82 22 14455
22 82 14455
48 25 8318
25 48 8318
36 77 -8226
77 36 -8226
60 99 2074
99 60 2074
54 23 635
23 54 635
44 89 -1847
89 44 -1847
33 48 18680
48 33 18680
27 79 -3550
79 27 -3550
2 62 4199
62 2 4199
56 64 -4284
64 56 -4284
74 62 13245
62 74 13245
74 75 -8450
75 74 -8450
54 82 -5713
82 54 -5713
44 66 -2828
66 44 -2828
30 82 -7888
82 30 -7888
77 82 -1753
82 77 -1753
91 72 -1195
72 91 -1195
90 21 13165
21 90 13165
32 59 1293
59 32 1293
7 79 6948
79 7 6948
7 72 8166
72 7 8166
97 98 21020
98 97 21020
95 30 4788
30 95 4788
10 85 1969
85 10 1969
79 18 -5985
18 79 -5985
27 85 -832
85 27 -832
7 29 2097
29 7 2097
19 91 5199
91 19 5199
86 87 9199
87 86 9199
21 11 8271
11 21 8271
14 16 -3915
16 14 -3915
32 68 -1613
68 32 -1613
45 87 4507
87 45 4507
61 28 18074
28 61 18074
32 53 20271
53 32 20271
69 94 9885
94 69 9885
38 12 7604
12 38 7604
78 7 -2232
7 78 -2232
23 14 -5000
14 23 -5000
43 38 20038
38 43 20038
89 56 3289
56 89 3289
48 82 3093
82 48 3093
85 88 761
88 85 761
94 18 -499
18 94 -499
83 48 5665
48 83 5665
54 5 5084
5 54 5084
22 65 11781
65 22 11781
73 7 -6344
7 73 -6344
81 81 4868
81 81 4868
12 14 10968
14 12 10968
52 17 2079
17 52 2079
69 41 21531
41 69 21531
34 80 10663
80 34 10663
60 54 17936
54 60 17936
96 66 1874
66 96 1874
21 36 15680
36 21 15680
77 56 -4275
56 77 -4275
72 9 3559
9 72 3559
57 3 7832
3 57 7832
6 41 -2625
41 6 -2625
63 86 11962
86 63 11962
81 37 797
37 81 797
3 9 80
9 3 80
41 77 -942
77 41 -942
94 41 -1454
41 94 -1454
98 81 13335
81 98 13335
73 1 -9293
1 73 -9293
56 67 -5859
67 56 -5859
89 82 7168
82 89 7168
16 97 6225
97 16 6225
10 13 8136
13 10 8136
44 43 -9979
43 44 -9979
23 13 -752
13 23 -752
19 69 13717
69 19 13717
15 51 3290
51 15 3290
36 60 -6831
60 36 -6831
96 4 12640
4 96 12640
80 100 19105
100 80 19105
92 62 -1319
62 92 -1319
53 54 14033
54 53 14033
30 88 -2958
88 30 -2958
54 84 1420
84 54 1420
15 19 2244
19 15 2244
64 30 10652
30 64 10652
65 70 20470
70 65 20470
6 48 -8406
48 6 -8406
88 27 -6724
27 88 -6724
24 41 -2321
41 24 -2321
91 89 14710
89 91 14710
72 46 19221
46 72 19221
71 84 13589
84 71 13589
56 79 14779
79 56 14779
7 63 10135
63 7 10135
34 89 2935
89 34 2935
80 94 4790
94 80 4790
63 66 1001
66 63 1001
6 8 14567
8 6 14567
70 35 22671
35 70 22671
58 99 -6455
99 58 -6455
39 45 -2628
45 39 -2628
64 29 19264
29 64 19264
2 24 3490
24 2 3490
5 2 14227
2 5 14227
72 64 19301
64 72 19301
66 22 13445
22 66 13445
11 96 6741
96 11 6741
52 16 -1945
16 52 -1945
94 39 5279
39 94 5279
83 9 2654
9 83 2654
23 8 14245
8 23 14245
91 40 13154
40 91 13154
5 24 12225
24 5 12225
79 25 21981
25 79 21981
31 34 18223
34 31 18223
95 31 8846
31 95 8846
88 46 8805
46 88 8805
90 39 11963
39 90 11963
36 98 22209
98 36 22209
31 25 -8092
25 31 -8092
38 75 21920
75 38 21920
73 94 -6145
94 73 -6145
57 7 -1816
7 57 -1816
76 83 4119
83 76 4119
42 33 14684
33 42 14684
80 80 8283
80 80 8283
68 37 14125
37 68 14125
19 38 8028
38 19 8028
20 78 737
78 20 737
92 57 12795
57 92 12795
61 2 -1207
2 61 -1207
33 37 -5420
37 33 -5420
76 8 11184
8 76 11184
75 20 16790
20 75 16790
77 42 -6649
42 77 -6649
92 90 5787
90 92 5787
64 82 15903
82 64 15903
6 77 8479
77 6 8479
96 40 22468
40 96 22468
99 84 13639
84 99 13639
16 22 19993
22 16 19993
27 23 13838
23 27 13838
29 82 14399
82 29 14399
79 92 -8977
92 79 -8977
44 35 4243
35 44 4243
50 3 -1293
3 50 -1293
3 42 687
42 3 687
47 92 14637
92 47 14637
14 1 12816
1 14 12816
91 63 -1065
63 91 -1065
27 11 9877
11 27 9877
83 61 17189
61 83 17189
6 75 -7337
75 6 -7337
23 96 12566
96 23 12566
61 39 8588
39 61 8588
12 46 -533
46 12 -533
26 68 3189
68 26 3189
43 64 11547
64 43 11547
3 18 -901
18 3 -901
24 27 21203
27 24 21203
71 37 -542
37 71 -542
68 57 -595
57 68 -595
32 63 16819
63 32 16819
76 57 -2469
57 76 -2469
96 45 20591
45 96 20591
4 89 8915
89 4 8915
51 20 -3728
20 51 -3728
92 84 133
84 92 133
76 43 13569
43 76 13569
79 86 -7743
86 79 -7743
34 94 490
94 34 490
4 51 7233
51 4 7233
23 72 9611
72 23 9611
91 39 11641
39 91 11641
53 59 -9521
59 53 -9521
3 84 8990
84 3 8990
3 69 -5578
69 3 -5578
96 36 8008
36 96 8008
62 43 12194
43 62 12194
100 89 10178
89 100 10178
43 58 13941
58 43 13941
48 70 6345
70 48 6345
81 14 4964
14 81 4964
11 62 15385
62 11 15385
74 5 -538
5 74 -538
4 3 1069
3 4 1069
55 30 21552
30 55 21552
75 50 -6270
50 75 -6270
45 45 3049
45 45 3049
19 66 16363
66 19 16363
53 74 8470
74 53 8470
32 48 -2489
48 32 -2489
70 99 498
99 70 498
4 53 15679
53 4 15679
54 44 4522
44 54 4522
89 64 15834
64 89 15834
51 23 -2760
23 51 -2760
12 93 -4349
93 12 -4349
81 78 17616
78 81 17616
77 79 -4780
79 77 -4780
16 49 16798
49 16 16798
80 36 6857
36 80 6857
84 63 8902
63 84 8902
63 21 9770
21 63 9770
23 74 15841
74 23 15841
87 89 -6083
89 87 -6083
18 93 3698
93 18 3698
68 50 -9935
50 68 -9935
90 33 15619
33 90 15619
82 4 19130
4 82 19130
29 32 4589
32 29 4589
53 31 9172
31 53 9172
65 8 2295
8 65 2295
91 11 16177
11 91 16177
72 37 -3541
37 72 -3541
44 41 17633
41 44 17633
38 94 12630
94 38 12630
75 94 18782
94 75 18782
8 98 21151
98 8 21151
18 41 18703
41 18 18703
67 84 13661
84 67 13661
60 46 10386
46 60 10386
52 66 9601
66 52 9601
41 10 -8503
10 41 -8503
76 82 16787
82 76 16787
72 88 17999
88 72 17999
5 80 -7862
80 5 -7862
1 31 -7539
31 1 -7539
19 6 -2460
6 19 -2460
29 60 1622
60 29 1622
99 61 17098
61 99 17098
36 82 20614
82 36 20614
68 94 18596
94 68 18596
62 47 538
47 62 538
71 39 11476
39 71 11476
56 18 6371
18 56 6371
61 53 3758
53 61 3758
34 56 19065
56 34 19065
27 2 -6966
2 27 -6966
60 94 20548
94 60 20548
74 93 6193
93 74 6193
34 38 7103
38 34 7103
91 12 3694
12 91 3694
69 28 -2502
28 69 -2502
90 49 -6121
49 90 -6121
48 50 20931
50 48 20931
70 76 15598
76 70 15598
50 37 14599
37 50 14599
24 44 -8269
44 24 -8269
55 62 -5566
62 55 -5566
86 68 816
68 86 816
94 5 19866
5 94 19866
54 9 18223
9 54 18223
85 93 12667
93 85 12667
49 70 3930
70 49 3930
12 15 6090
15 12 6090
28 44 -8396
44 28 -8396
100 75 -2805
75 100 -2805
7 59 7589
59 7 7589
59 10 7889
10 59 7889
48 41 -6182
41 48 -6182
65 76 -9974
76 65 -9974
90 4 20066
4 90 20066
13 41 2570
41 13 2570
77 96 18641
96 77 18641
87 52 11109
52 87 11109
88 84 11085
84 88 11085
91 51 8686
51 91 8686
56 82 18128
82 56 18128
3 78 20862
78 3 20862
25 66 -6128
66 25 -6128
33 86 4428
86 33 4428
47 90 -3522
90 47 -3522
66 61 -4955
61 66 -4955
79 22 3855
22 79 3855
21 28 14773
28 21 14773
35 52 12675
52 35 12675
37 35 11001
35 37 11001
38 11 -4026
11 38 -4026
72 81 935
81 72 935
46 83 -8175
83 46 -8175
19 74 -5288
74 19 -5288
38 99 -95
99 38 -95
63 18 -1308
18 63 -1308
40 48 946
48 40 946
4 32 14115
32 4 14115
30 46 -6606
46 30 -6606
100 46 4272
46 100 4272
73 74 -7520
74 73 -7520
39 98 -6458
98 39 -6458
9 4 13277
4 9 13277
26 35 -8599
35 26 -8599
79 83 10169
83 79 10169
37 79 7939
79 37 7939
39 22 21426
22 39 21426
64 78 11575
78 64 11575
25 82 17700
82 25 17700
62 63 6002
63 62 6002
49 96 -9316
96 49 -9316
17 38 -493
38 17 -493
44 69 677
69 44 677
20 58 13041
58 20 13041
92 65 -8377
65 92 -8377
16 73 7929
73 16 7929
16 37 4957
37 16 4957
60 1 3452
1 60 3452
94 42 1829
42 94 1829
49 28 1798
28 49 1798
25 25 2274
25 25 2274
34 86 5038
86 34 5038
71 63 22629
63 71 22629
79 24 17085
24 79 17085
1 25 4193
25 1 4193
6 13 5765
13 6 5765
68 8 677
8 68 677
85 5 4790
5 85 4790
35 92 -9379
92 35 -9379
86 35 15190
35 86 15190
43 99 12086
99 43 12086
19 22 20424
22 19 20424
98 77 14254
77 98 14254
70 9 2927
9 70 2927
67 3 -7562
3 67 -7562
1 20 4318
20 1 4318
91 85 6339
85 91 6339
57 9 -5368
9 57 -5368
79 15 3787
15 79 3787
40 75 15020
75 40 15020
28 55 -8012
55 28 -8012
42 99 3642
99 42 3642
3 22 20104
22 3 20104
47 57 8509
57 47 8509
34 9 9761
9 34 9761
34 87 4804
87 34 4804
86 43 8842
43 86 8842
61 62 21620
62 61 21620
44 79 -8813
79 44 -8813
14 64 -5409
64 14 -5409
35 16 -9344
16 35 -9344
62 13 18411
13 62 18411
60 52 8738
52 60 8738
71 25 -4493
25 71 -4493
8 85 951
85 8 951
2 90 14958
90 2 14958
42 91 7013
91 42 7013
13 56 11060
56 13 11060
3 77 3543
77 3 3543
74 67 17651
67 74 17651
76 29 -9468
29 76 -9468
62 70 22503
70 62 22503
93 52 7953
52 93 7953
93 71 3519
71 93 3519
73 8 12494
8 73 12494
10 8 8038
8 10 8038
61 72 1171
72 61 1171
55 48 1514
48 55 1514
90 67 7887
67 90 7887
71 40 10666
40 71 10666
61 54 14705
54 61 14705
92 60 15386
60 92 15386
43 18 12045
18 43 12045
57 89 15452
89 57 15452
55 67 1833
67 55 1833
61 20 15631
20 61 15631
39 68 15776
68 39 15776
8 70 14216
70 8 14216
23 43 19007
43 23 19007
64 61 20947
61 64 20947
94 31 8717
31 94 8717
15 27 7117
27 15 7117
35 21 4171
21 35 4171
93 65 9154
65 93 9154
77 80 943
80 77 943
62 86 -1728
86 62 -1728
35 45 19561
45 35 19561
64 5 2946
5 64 2946
89 9 2157
9 89 2157
65 75 -5654
75 65 -5654
38 82 15318
82 38 15318
92 33 17123
33 92 17123
62 31 18498
31 62 18498
70 92 -1600
92 70 -1600
80 18 -7683
18 80 -7683
15 96 -8559
96 15 -8559
29 54 17909
54 29 17909
74 82 1503
82 74 1503
70 17 -8117
17 70 -8117
3 31 7157
31 3 7157
82 68 -1690
68 82 -1690
72 78 21245
78 72 21245
65 39 17671
39 65 17671
48 16 -5408
16 48 -5408
12 58 -8595
58 12 -8595
54 72 10580
72 54 10580
41 31 3675
31 41 3675
21 91 3377
91 21 3377
5 90 9631
90 5 9631
45 89 16610
89 45 16610
19 20 8259
20 19 8259
28 10 18119
10 28 18119
80 17 -3700
17 80 -3700
97 54 1458
54 97 1458
7 50 4854
50 7 4854
73 61 2294
61 73 2294
47 30 471
30 47 471
42 22 12688
22 42 12688
67 34 16685
34 67 16685
79 80 -8103
80 79 -8103
88 39 4469
39 88 4469
84 41 12795
41 84 12795
10 58 -7683
58 10 -7683
35 54 8135
54 35 8135
59 94 7843
94 59 7843
95 38 -4826
38 95 -4826
13 98 -449
98 13 -449
96 18 13492
18 96 13492
97 11 22389
11 97 22389
29 10 18786
10 29 18786
45 41 -1818
41 45 -1818
70 21 17393
21 70 17393
93 63 4214
63 93 4214
28 8 3194
8 28 3194
6 14 -2989
14 6 -2989
14 94 9664
94 14 9664
63 82 16946
82 63 16946
10 49 11768
49 10 11768
25 12 -2046
12 25 -2046
36 28 4633
28 36 4633
41 63 5127
63 41 5127
78 18 -7660
18 78 -7660
43 1 18400
1 43 18400
59 77 -6846
77 59 -6846
36 31 -4169
31 36 -4169
96 38 5623
38 96 5623
23 28 18029
28 23 18029
12 12 1754
12 12 1754
81 54 -6707
54 81 -6707
22 86 16528
86 22 16528
44 1 555
1 44 555
72 71 -2548
71 72 -2548
76 32 3640
32 76 3640
35 41 -2014
41 35 -2014
35 49 -8461
49 35 -8461
66 97 312
97 66 312
63 53 20731
53 63 20731
88 65 22557
65 88 22557
49 57 10170
57 49 10170
51 83 -2699
83 51 -2699
94 100 13332
100 94 13332
45 32 -9925
32 45 -9925
5 51 5026
51 5 5026
67 39 9801
39 67 9801
42 81 9695
81 42 9695
30 89 18854
89 30 18854
14 80 8569
80 14 8569
67 80 17577
80 67 17577
38 3 13115
3 38 13115
93 24 -7128
24 93 -7128
54 49 14395
49 54 14395
98 9 12908
9 98 12908
12 94 -2335
94 12 -2335
82 3 7610
3 82 7610
29 57 17705
57 29 17705
66 24 10769
24 66 10769
16 54 21805
54 16 21805
85 79 22145
79 85 22145
41 34 9285
34 41 9285
1 69 13994
69 1 13994
49 82 8032
82 49 8032
57 11 872
11 57 872
83 2 2306
2 83 2306
36 61 22471
61 36 22471
28 38 -1657
38 28 -1657
69 34 -6005
34 69 -6005
72 4 18942
4 72 18942
12 80 21034
80 12 21034
13 94 -9470
94 13 -9470
59 27 -4094
27 59 -4094
92 44 -3812
44 92 -3812
28 20 16484
20 28 16484
25 94 20435
94 25 20435
25 95 -6418
95 25 -6418
68 28 12005
28 68 12005
47 87 6589
87 47 6589
41 38 12850
38 41 12850
57 78 -7597
78 57 -7597
44 96 11016
96 44 11016
16 5 11006
5 16 11006
69 42 20335
42 69 20335
99 26 18313
26 99 18313
24 13 14618
13 24 14618
58 97 -1661
97 58 -1661
87 95 -2154
95 87 -2154
44 23 2911
23 44 2911
81 56 16358
56 81 16358
48 71 -9010
71 48 -9010
74 28 -6587
28 74 -6587
55 97 2472
97 55 2472
51 42 -5359
42 51 -5359
47 26 18213
26 47 18213
95 94 16067
94 95 16067
80 42 8125
42 80 8125
35 61 13000
61 35 13000
8 22 17692
22 8 17692
18 4 -6057
4 18 -6057
94 40 19011
40 94 19011
26 29 9978
29 26 9978
49 51 12892
51 49 12892
45 55 13623
55 45 13623
54 37 21547
37 54 21547
47 27 6061
27 47 6061
5 39 7571
39 5 7571
87 6 -4701
6 87 -4701
68 52 -7981
52 68 -7981
92 67 -4283
67 92 -4283
47 94 -6813
94 47 -6813
22 13 -3133
13 22 -3133
100 45 19897
45 100 19897
2 29 14942
29 2 14942
5 69 19768
69 5 19768
42 97 1262
97 42 1262
21 45 17918
45 21 17918
85 75 984
75 85 984
52 38 16814
38 52 16814
64 52 -8781
52 64 -8781
91 18 11683
18 91 11683
19 85 17252
85 19 17252
87 70 16248
70 87 16248
38 98 -9576
98 38 -9576
83 72 17669
72 83 17669
94 78 -8986
78 94 -8986
93 99 -8010
99 93 -8010
100 91 -1507
91 100 -1507
75 15 10173
15 75 10173
70 19 16865
19 70 16865
34 39 9911
39 34 9911
53 64 -3492
64 53 -3492
50 89 2245
89 50 2245
32 21 106
21 32 106
72 69 -3579
69 72 -3579
59 58 -353
58 59 -353
83 39 14122
39 83 14122
24 7 8706
7 24 8706
90 57 20345
57 90 20345
52 24 -2882
24 52 -2882
51 98 1836
98 51 1836
92 7 -5490
7 92 -5490
14 52 15880
52 14 15880
45 44 -2259
44 45 -2259
46 79 -5051
79 46 -5051
6 15 9785
15 6 9785
28 25 7204
25 28 7204
57 18 -3773
18 57 -3773
56 3 4286
3 56 4286
69 99 -1021
99 69 -1021
12 90 758
90 12 758
91 76 18410
76 91 18410
97 51 13112
51 97 13112
23 30 -2328
30 23 -2328
37 78 -4447
78 37 -4447
77 71 -915
71 77 -915
53 52 20397
52 53 20397
52 2 -9565
2 52 -9565
26 39 17296
39 26 17296
57 27 2902
27 57 2902
59 89 2021
89 59 2021
87 9 19777
9 87 19777
29 80 16947
80 29 16947
50 81 3245
81 50 3245
29 63 426
63 29 426
92 48 3785
48 92 3785
32 7 -1316
7 32 -1316
10 57 12421
57 10 12421
46 66 6016
66 46 6016
61 98 8335
98 61 8335
91 78 18049
78 91 18049
89 76 3143
76 89 3143
88 56 12482
56 88 12482
54 1 17754
1 54 17754
90 89 15215
89 90 15215
9 11 -9060
11 9 -9060
100 98 -293
98 100 -293
55 5 -1763
5 55 -1763
86 100 20792
100 86 20792
14 13 8682
13 14 8682
84 52 6129
52 84 6129
1 65 13683
65 1 13683
58 69 -8290
69 58 -8290
38 85 22499
85 38 22499
2 70 18583
70 2 18583
57 93 -2360
93 57 -2360
88 13 3810
13 88 3810
64 16 15897
16 64 15897
78 75 134
75 78 134
54 34 18878
34 54 18878
87 25 -7266
25 87 -7266
76 50 20712
50 76 20712
85 25 17792
25 85 17792
5 23 -5945
23 5 -5945
74 85 14160
85 74 14160
98 23 9750
23 98 9750
38 18 -5994
18 38 -5994
32 98 17505
98 32 17505
37 58 -3401
58 37 -3401
91 99 -9015
99 91 -9015
48 85 -9408
85 48 -9408
26 97 19855
97 26 19855
29 39 7342
39 29 7342
29 96 20742
96 29 20742
38 7 -3233
7 38 -3233
6 47 -6391
47 6 -6391
25 55 19465
55 25 19465
40 7 14209
7 40 14209
93 100 8175
100 93 8175
37 62 3647
62 37 3647
19 14 16727
14 19 16727
13 97 11909
97 13 11909
42 31 -910
31 42 -910
87 24 10666
24 87 10666
45 37 12037
37 45 12037
17 94 -8051
94 17 -8051
72 45 12777
45 72 12777
86 1 4590
1 86 4590
86 26 7118
26 86 7118
30 9 4541
9 30 4541
26 37 1980
37 26 1980
17 71 5384
71 17 5384
48 29 17936
29 48 17936
5 1 -2477
1 5 -2477
65 12 6040
12 65 6040
42 71 845
71 42 845
7 89 13256
89 7 13256
8 67 -4143
67 8 -4143
79 100 2674
100 79 2674
56 92 -1010
92 56 -1010
33 59 996
59 33 996
35 47 1462
47 35 1462
3 40 -6574
40 3 -6574
96 7 -1686
7 96 -1686
51 87 -4721
87 51 -4721
77 23 -3121
23 77 -3121
2 13 -4324
13 2 -4324
65 58 22570
58 65 22570
39 13 144
13 39 144
62 81 8200
81 62 8200
44 57 8061
57 44 8061
9 91 7452
91 9 7452
80 19 11419
19 80 11419
48 78 5675
78 48 5675
72 43 6339
43 72 6339
37 22 11501
22 37 11501
35 30 11358
30 35 11358
37 70 12897
70 37 12897
5 99 -5798
99 5 -5798
6 39 5032
39 6 5032
66 17 4481
17 66 4481
80 24 -8273
24 80 -8273
72 14 382
14 72 382
41 17 18488
17 41 18488
20 90 -4487
90 20 -4487
72 84 -5636
84 72 -5636
85 60 13501
60 85 13501
60 15 17649
15 60 17649
42 17 5377
17 42 5377
53 66 9891
66 53 9891
39 11 10967
11 39 10967
25 23 6439
23 25 6439
42 49 16804
49 42 16804
35 69 21441
69 35 21441
75 77 -4863
77 75 -4863
46 19 21015
19 46 21015
75 53 -9154
53 75 -9154
57 25 -3034
25 57 -3034
82 45 22240
45 82 22240
35 97 1876
97 35 1876
28 6 -7982
6 28 -7982
92 42 3465
42 92 3465
92 72 -3741
72 92 -3741
1 18 -7984
18 1 -7984
58 3 -2334
3 58 -2334
76 47 7632
47 76 7632
46 4 3152
4 46 3152
54 85 9649
85 54 9649
51 6 14346
6 51 14346
26 71 4336
71 26 4336
96 94 1323
94 96 1323
77 93 4550
93 77 4550
91 96 3852
96 91 3852
51 16 36
16 51 36
85 30 -7466
30 85 -7466
7 37 15584
37 7 15584
83 67 13116
67 83 13116
89 26 3101
26 89 3101
11 51 9982
51 11 9982
22 94 17038
94 22 17038
55 94 4895
94 55 4895
81 39 15167
39 81 15167
21 46 6883
46 21 6883
34 91 12632
91 34 12632
90 40 10183
40 90 10183
54 80 8613
80 54 8613
46 62 -7849
62 46 -7849
19 64 -2187
64 19 -2187
8 55 21476
55 8 21476
18 12 15429
12 18 15429
65 67 9531
67 65 9531
23 56 17587
56 23 17587
65 63 -1490
63 65 -1490
47 66 -1620
66 47 -1620
43 65 13194
65 43 13194
85 71 22715
71 85 22715
1 7 22106
7 1 22106
3 97 -1167
97 3 -1167
12 68 -9585
68 12 -9585
46 76 -3646
76 46 -3646
49 20 3079
20 49 3079
89 22 -2408
22 89 -2408
98 98 3509
98 98 3509
53 72 -9342
72 53 -9342
23 60 -2003
60 23 -2003
100 100 -5880
100 100 -5880
21 37 6984
37 21 6984
13 16 13953
16 13 13953
86 42 199
42 86 199
45 70 19681
70 45 19681
80 9 7207
9 80 7207
60 7 13849
7 60 13849
76 27 10124
27 76 10124
8 75 -7116
75 8 -7116
15 50 14168
50 15 14168
39 8 16793
8 39 16793
5 6 -8303
6 5 -8303
42 44 16133
44 42 16133
98 80 10736
80 98 10736
55 31 252
31 55 252
89 71 21754
71 89 21754
73 77 16701
77 73 16701
16 87 -5769
87 16 -5769
81 76 20260
76 81 20260
15 39 6657
39 15 6657
43 19 6070
19 43 6070
32 62 17219
62 32 17219
34 73 -8437
73 34 -8437
3 3 16928
3 3 16928
22 99 21447
99 22 21447
46 7 -7778
7 46 -7778
78 45 8683
45 78 8683
86 65 21723
65 86 21723
38 54 17168
54 38 17168
31 56 -8534
56 31 -8534
59 13 19656
13 59 19656
19 2 -9858
2 19 -9858
77 7 22702
7 77 22702
71 13 -1750
13 71 -1750
76 12 16850
12 76 16850
96 89 1520
89 96 1520
2 84 14798
84 2 14798
93 49 -3216
49 93 -3216
63 44 8258
44 63 8258
60 72 4016
72 60 4016
42 84 6088
84 42 6088
16 77 8516
77 16 8516
99 40 21283
40 99 21283
6 98 19146
98 6 19146
18 88 5020
88 18 5020
31 43 11735
43 31 11735
81 74 777
74 81 777
87 82 21785
82 87 21785
23 46 10979
46 23 10979
86 14 20935
14 86 20935
87 97 10648
97 87 10648
22 61 11982
61 22 11982
37 89 9919
89 37 9919
37 93 17065
93 37 17065
79 99 21496
99 79 21496
87 12 976
12 87 976
48 22 13202
22 48 13202
46 3 18564
3 46 18564
21 55 9359
55 21 9359
81 99 13391
99 81 13391
61 11 19591
11 61 19591
68 34 -8325
34 68 -8325
77 57 10272
57 77 10272
4 87 10967
87 4 10967
16 43 13495
43 16 13495
67 57 4186
57 67 4186
27 65 -8915
65 27 -8915
66 9 10340
9 66 10340
61 15 11154
15 61 11154
13 53 -6662
53 13 -6662
7 26 20630
26 7 20630
50 80 -6921
80 50 -6921
14 39 22517
39 14 22517
22 46 -4009
46 22 -4009
70 40 14308
40 70 14308
30 67 17689
67 30 17689
42 60 8631
60 42 8631
73 15 966
15 73 966
56 51 3444
51 56 3444
7 28 313
28 7 313
24 72 13327
72 24 13327
74 35 21102
35 74 21102
64 54 16126
54 64 16126
96 96 19213
96 96 19213
60 6 12496
6 60 12496
34 24 -5148
24 34 -5148
80 20 -3874
20 80 -3874
94 86 11465
86 94 11465
8 72 14087
72 8 14087
100 20 -1404
20 100 -1404
16 53 12492
53 16 12492
54 58 17590
58 54 17590
60 58 886
58 60 886
10 66 15686
66 10 15686
20 60 12313
60 20 12313
36 29 -5899
29 36 -5899
69 70 -9544
70 69 -9544
75 96 20843
96 75 20843
75 17 5024
17 75 5024
12 86 -4278
86 12 -4278
72 58 4095
58 72 4095
75 39 -7817
39 75 -7817
59 96 15722
96 59 15722
84 32 19503
32 84 19503
33 1 5590
1 33 5590
81 9 5505
9 81 5505
3 59 -182
59 3 -182
58 62 14120
62 58 14120
14 33 13092
33 14 13092
83 68 1320
68 83 1320
59 75 -6013
75 59 -6013
95 84 11364
84 95 11364
64 68 -4208
68 64 -4208
32 20 -7120
20 32 -7120
19 29 9948
29 19 9948
21 80 22091
80 21 22091
9 27 4825
27 9 4825
15 57 14147
57 15 14147
57 35 -6640
35 57 -6640
52 9 21478
9 52 21478
95 90 7524
90 95 7524
77 95 -5910
95 77 -5910
90 73 -2581
73 90 -2581
2 3 14844
3 2 14844
38 87 17416
87 38 17416
28 70 7623
70 28 7623
100 15 415
15 100 415
53 47 17137
47 53 17137
16 89 14616
89 16 14616
16 57 15656
57 16 15656
63 17 14524
17 63 14524
30 43 -8016
43 30 -8016
73 50 13396
50 73 13396
27 83 202
83 27 202
76 17 20665
17 76 20665
53 60 2755
60 53 2755
18 45 -6446
45 18 -6446
100 23 -9879
23 100 -9879
34 14 9917
14 34 9917
61 76 -926
76 61 -926
86 2 21622
2 86 21622
9 96 1026
96 9 1026
21 92 21988
92 21 21988
30 73 20977
73 30 20977
94 9 2254
9 94 2254
4 91 -2088
91 4 -2088
90 54 19979
54 90 19979
27 64 18134
64 27 18134
73 49 6453
49 73 6453
4 8 15518
8 4 15518
62 45 7659
45 62 7659
62 8 -3424
8 62 -3424
73 46 -6408
46 73 -6408
97 12 5535
12 97 5535
36 30 -6284
30 36 -6284
59 50 14620
50 59 14620
97 25 3120
25 97 3120
27 7 -1017
7 27 -1017
46 75 11691
75 46 11691
89 39 10664
39 89 10664
5 78 10353
78 5 10353
43 5 20623
5 43 20623
53 26 7611
26 53 7611
43 25 21149
25 43 21149
36 91 146
91 36 146
29 56 17804
56 29 17804
42 10 9381
10 42 9381
80 3 83
3 80 83
93 33 7312
33 93 7312
100 62 1047
62 100 1047
6 91 7569
91 6 7569
40 29 17580
29 40 17580
72 79 17440
79 72 17440
45 46 6125
46 45 6125
11 99 15616
99 11 15616
81 16 -3936
16 81 -3936
83 6 8536
6 83 8536
34 6 17587
6 34 17587
33 39 21165
39 33 21165
100 33 7508
33 100 7508
97 39 13978
39 97 13978
39 46 -5941
46 39 -5941
63 70 1049
70 63 1049
19 68 558
68 19 558
44 62 15603
62 44 15603
27 4 7004
4 27 7004
24 48 -4604
48 24 -4604
67 31 11665
31 67 11665
18 74 20786
74 18 20786
69 98 21579
98 69 21579
25 29 16260
29 25 16260
68 13 -9266
13 68 -9266
53 70 19562
70 53 19562
71 12 19235
12 71 19235
65 51 18960
51 65 18960
46 68 11754
68 46 11754
66 43 -7912
43 66 -7912
74 16 17579
16 74 17579
38 89 9269
89 38 9269
87 31 809
31 87 809
41 22 8319
22 41 8319
82 27 3020
27 82 3020
12 55 15893
55 12 15893
85 58 12999
58 85 12999
37 30 -4050
30 37 -4050
58 6 365
6 58 365
35 50 9094
50 35 9094
20 18 19313
18 20 19313
54 18 -5023
18 54 -5023
61 6 -9847
6 61 -9847
92 63 -6424
63 92 -6424
35 17 15050
17 35 15050
94 46 -8148
46 94 -8148
60 67 -7115
67 60 -7115
40 19 -893
19 40 -893
69 55 22050
55 69 22050
17 83 9029
83 17 9029
17 60 3758
60 17 3758
84 100 -8865
100 84 -8865
53 19 13035
19 53 13035
86 29 6678
29 86 6678
50 65 16385
65 50 16385
38 42 8938
42 38 8938
69 74 19935
74 69 19935
10 97 10381
97 10 10381
62 40 -4416
40 62 -4416
24 100 6731
100 24 6731
50 43 -1394
43 50 -1394
51 88 16040
88 51 16040
70 24 -8412
24 70 -8412
68 84 -6600
84 68 -6600
39 64 10920
64 39 10920
67 59 9685
59 67 9685
99 57 -4530
57 99 -4530
76 97 -8317
97 76 -8317
89 20 -7054
20 89 -7054
70 20 4341
20 70 4341
98 46 -8346
46 98 -8346
59 59 -4206
59 59 -4206
38 1 3232
1 38 3232
76 37 7438
37 76 7438
59 81 17085
81 59 17085
14 85 -4747
85 14 -4747
28 86 -7574
86 28 -7574
82 71 -3451
71 82 -3451
49 78 16199
78 49 16199
36 74 18137
74 36 18137
52 32 17617
32 52 17617
34 72 17376
72 34 17376
30 32 1044
32 30 1044
43 68 20000
68 43 20000
29 17 2634
17 29 2634
41 82 3623
82 41 3623
50 40 -701
40 50 -701
76 100 4363
100 76 4363
46 27 -9799
27 46 -9799
25 84 -2611
84 25 -2611
36 25 8895
25 36 8895
46 71 1483
71 46 1483
53 25 9773
25 53 9773
41 56 -5532
56 41 -5532
71 44 30
44 71 30
57 66 -6886
66 57 -6886
59 25 -3992
25 59 -3992
18 29 7590
29 18 7590
100 81 3870
81 100 3870
91 13 4000
13 91 4000
85 83 7911
83 85 7911
45 27 6436
27 45 6436
67 93 14988
93 67 14988
39 66 17212
66 39 17212
48 47 9659
47 48 9659
58 67 16250
67 58 16250
26 49 -4126
49 26 -4126
75 44 -571
44 75 -571
37 64 10016
64 37 10016
59 35 -2699
35 59 -2699
62 56 -6185
56 62 -6185
75 83 139
83 75 139
83 25 10900
25 83 10900
76 38 5376
38 76 5376
65 38 -7305
38 65 -7305
26 30 12851
30 26 12851
89 95 21744
95 89 21744
7 76 6071
76 7 6071
8 46 5374
46 8 5374
39 57 4820
57 39 4820
33 67 17222
67 33 17222
72 56 -611
56 72 -611
28 95 -1510
95 28 -1510
49 55 -4483
55 49 -4483
93 31 2618
31 93 2618
44 40 11301
40 44 11301
94 28 -9731
28 94 -9731
32 93 -8865
93 32 -8865
27 43 9080
43 27 9080
17 62 18717
62 17 18717
8 21 3245
21 8 3245
67 22 17782
22 67 17782
83 7 -3509
7 83 -3509
71 16 12195
16 71 12195
44 64 4771
64 44 4771
93 36 9217
36 93 9217
68 22 6952
22 68 6952
23 29 8230
29 23 8230
52 95 -4959
95 52 -4959
65 84 -1280
84 65 -1280
78 14 -4798
14 78 -4798
54 50 -4942
50 54 -4942
39 24 21395
24 39 21395
2 6 1558
6 2 1558
24 88 -8959
88 24 -8959
10 21 -9065
21 10 -9065
44 32 15674
32 44 15674
3 1 13071
1 3 13071
76 10 -3570
10 76 -3570
95 23 1736
23 95 1736
91 16 -7548
16 91 -7548
55 83 7933
83 55 7933
61 46 -77
46 61 -77
43 60 20487
60 43 20487
85 90 21668
90 85 21668
89 99 2280
99 89 2280
80 8 -8187
8 80 -8187
61 48 19846
48 61 19846
45 43 6448
43 45 6448
24 26 -749
26 24 -749
47 63 -4225
63 47 -4225
86 4 16781
4 86 16781
78 51 -3952
51 78 -3952
71 95 10216
95 71 10216
30 27 6038
27 30 6038
29 66 4329
66 29 4329
60 83 -4611
83 60 -4611
87 20 2735
20 87 2735
23 4 -4839
4 23 -4839
71 14 17165
14 71 17165
11 29 15970
29 11 15970
5 15 10799
15 5 10799
11 70 9552
70 11 9552
36 72 6344
72 36 6344
31 83 17261
83 31 17261
96 52 10666
52 96 10666
84 11 16758
11 84 16758
73 96 7906
96 73 7906
15 53 10284
53 15 10284
94 51 9679
51 94 9679
69 75 20884
75 69 20884
25 51 -2984
51 25 -2984
60 10 -7077
10 60 -7077
68 1 17225
1 68 17225
49 56 -8193
56 49 -8193
50 92 8760
92 50 8760
83 37 20219
37 83 20219
71 80 -8275
80 71 -8275
20 10 6701
10 20 6701
32 25 15807
25 32 15807
26 2 20283
2 26 20283
70 89 11164
89 70 11164
64 25 -2466
25 64 -2466
71 52 3997
52 71 3997
41 80 14955
80 41 14955
29 62 -7568
62 29 -7568
40 67 12237
67 40 12237
49 49 14404
49 49 14404
49 66 18221
66 49 18221
34 76 -3759
76 34 -3759
15 48 7362
48 15 7362
55 77 -6546
77 55 -6546
85 89 466
89 85 466
81 30 14537
30 81 14537
30 90 -157
90 30 -157
85 21 21987
21 85 21987
83 29 -3634
29 83 -3634
59 80 18983
80 59 18983
95 2 7653
2 95 7653
21 4 3472
4 21 3472
21 33 -5047
33 21 -5047
25 34 20057
34 25 20057
66 33 2280
33 66 2280
68 67 15690
67 68 15690
69 27 12828
27 69 12828
80 45 19703
45 80 19703
4 11 -6760
11 4 -6760
28 11 -9473
11 28 -9473
83 94 7187
94 83 7187
66 100 9251
100 66 9251
19 82 -6442
82 19 -6442
4 59 5238
59 4 5238
79 65 7457
65 79 7457
73 22 6922
22 73 6922
42 20 15352
20 42 15352
63 12 6811
12 63 6811
94 6 -3119
6 94 -3119
52 61 7898
61 52 7898
95 85 11535
85 95 11535
1 56 21155
56 1 21155
89 40 -5990
40 89 -5990
18 33 4948
33 18 4948
90 72 5851
72 90 5851
96 24 -6363
24 96 -6363
50 1 14407
1 50 14407
35 85 7177
85 35 7177
5 97 13162
97 5 13162
52 33 21565
33 52 21565
29 95 4526
95 29 4526
29 6 5149
6 29 5149
58 13 -599
13 58 -599
93 54 17795
54 93 17795
50 77 4255
77 50 4255
43 49 20103
49 43 20103
74 66 -5251
66 74 -5251
38 70 4331
70 38 4331
71 54 -1232
54 71 -1232
57 82 2695
82 57 2695
87 30 -9269
30 87 -9269
53 90 21958
90 53 21958
39 55 17972
55 39 17972
72 48 -1497
48 72 -1497
12 75 18819
75 12 18819
33 77 -5333
77 33 -5333
4 68 8899
68 4 8899
55 68 9212
68 55 9212
15 30 -4207
30 15 -4207
78 55 5012
55 78 5012
32 90 13326
90 32 13326
48 100 -7511
100 48 -7511
58 4 9491
4 58 9491
83 30 17027
30 83 17027
62 53 -1504
53 62 -1504
47 84 5597
84 47 5597
55 33 8102
33 55 8102
46 77 18224
77 46 18224
82 96 21623
96 82 21623
33 44 12602
44 33 12602
70 83 9989
83 70 9989
38 100 -9965
100 38 -9965
80 55 14652
55 80 14652
100 51 20132
51 100 20132
72 50 12590
50 72 12590
6 20 -5250
20 6 -5250
29 29 -4278
29 29 -4278
69 86 13774
86 69 13774
85 52 8884
52 85 8884
38 16 5189
16 38 5189
82 75 3759
75 82 3759
51 47 19260
47 51 19260
28 34 -579
34 28 -579
62 19 -454
19 62 -454
51 64 6461
64 51 6461
47 59 -406
59 47 -406
3 47 10420
47 3 10420
55 54 5760
54 55 5760
14 36 18592
36 14 18592
45 13 19482
13 45 19482
16 6 15726
6 16 15726
2 74 15306
74 2 15306
81 94 13990
94 81 13990
92 15 -6777
15 92 -6777
58 1 8849
1 58 8849
23 86 -3238
86 23 -3238
49 36 18638
36 49 18638
63 38 -3728
38 63 -3728
92 46 9984
46 92 9984
15 86 20079
86 15 20079
